0.409764 3.155159 5.251175 1.576022 3.228187 0.593970 
0.432685 3.353163 5.103951 1.605550 3.712521 0.328543 
0.389496 3.235569 5.745001 1.292886 3.371371 16.968044 3.165326 
0.386023 0.440139 6.040544 3.341318 1.300919 3.460957 3.543875 2.383266 
1.902863 0.381396 5.025944 4.702777 1.865502 3.315844 3.169210 5.839453 2.285091 
1.560167 0.366310 8.742828 4.864719 1.801051 3.187702 3.200351 4.832300 2.037170 3.063999 1.573681 
3.832320 0.389958 0.639065 8.361566 5.356368 1.583891 3.556381 3.150701 2.552140 4.670668 
1.330834 0.391522 5.669308 12.980429 4.665356 1.801878 2.019951 3.938542 2.031938 3.642508 5.959234 3.103932 0.648832 0.364268 
1.576102 0.188113 15.922505 8.870475 6.498788 0.364157 0.647361 4.332605 1.885183 3.704686 0.340399 3.439692 0.343913 0.457977 
0.837047 0.408572 2.081276 11.605728 2.084634 0.306411 0.360010 5.225269 1.798978 3.687181 0.605032 9.831854 0.370909 3.856602 0.238386 3.851651 7.813186 2.855919 
2.651833 5.206206 1.388141 0.259712 6.540476 5.708422 11.088808 0.745974 8.879797 0.586566 0.563939 2.138753 0.608156 4.302662 1.274352 8.091192 2.366850 1.310521 0.731946 0.457190 1.523417 0.648197 0.262573 8.893019 0.543154 5.182863 0.483704 2.510695 0.528587 0.910576 2.341175 0.337701 
0.306054 0.474917 2.893316 2.675710 0.598401 6.608082 12.997240 0.922977 10.932544 10.307920 8.631848 0.349299 2.054782 0.438966 0.429208 1.488436 1.497019 1.970396 0.166229 2.551580 0.737393 1.375434 3.015685 16.199489 0.861107 12.046105 1.387836 2.356806 21.772119 0.352106 3.039464 0.312666 5.224136 3.704324 2.889806 1.804986 21.965003 3.120987 0.545110 0.432766 0.080949 2.128267 0.301308 0.628758 0.318899 1.694707 0.666288 2.361703 
0.461408 2.634041 0.307203 21.150507 0.486663 3.271224 10.912706 3.725632 4.497385 1.534112 0.375576 0.298999 0.678768 1.739908 4.473708 10.055433 1.499324 1.275263 8.162994 9.363566 1.051294 3.363224 0.220301 9.883240 0.385255 0.253207 0.399088 0.367149 1.715799 1.570080 
5.362174 0.245299 10.040529 15.034778 6.873176 1.685058 11.687272 0.559943 0.713659 0.859652 0.332009 0.009277 3.019973 3.249851 2.158768 1.970149 1.226597 0.188859 6.180028 3.464841 3.757362 0.566739 0.548185 0.311688 12.547957 0.274709 0.842812 1.372177 1.791725 1.441591 0.163203 8.445453 2.644611 2.236663 1.903178 0.563419 0.595018 0.313569 
0.223688 0.263152 1.994918 17.060950 11.905609 5.094923 11.060568 1.145508 1.513242 0.540399 11.463003 3.657906 2.015850 2.205627 0.910800 0.452551 0.189258 0.360368 2.133638 3.308117 4.322000 9.987384 2.570322 2.638732 0.244954 1.260073 0.509815 0.271228 0.981942 0.229526 
2.309900 2.059811 2.252953 2.710152 0.281141 0.991481 7.668072 7.262746 4.319154 5.179693 11.862539 0.229601 0.152040 0.920435 2.599842 0.118773 4.673490 11.835171 1.786870 0.513309 3.538943 0.520110 2.307186 5.132892 0.397495 0.592748 2.235327 8.363555 0.217848 0.811192 1.946948 0.324305 1.280884 0.796169 1.505466 0.581961 
0.256629 3.159844 0.823551 0.847486 0.660022 13.669672 0.268080 7.689855 1.214776 0.453291 1.742713 4.909017 7.843179 2.296362 0.864110 0.678751 0.570242 3.787803 2.784084 10.075046 0.401826 1.440695 2.480578 0.391280 3.034239 3.434365 11.354452 9.044303 3.871591 0.410705 1.279484 
0.296570 9.221904 0.872961 0.755230 4.803357 1.896560 0.346927 0.605774 0.201060 1.096010 0.847728 17.351815 0.451775 2.374566 3.722847 2.830000 5.091220 1.041925 2.916232 1.113890 7.251518 0.930805 8.328595 4.668241 5.280576 12.670153 2.162682 2.553753 0.692309 1.399077 4.319370 0.209146 1.773038 1.351189 1.673104 0.700358 0.502734 0.301628 1.377298 
13.931920 19.283727 2.057614 0.309048 2.494659 0.588458 12.638092 6.833578 3.672262 0.705377 2.976426 27.279690 0.842487 3.644385 1.805869 1.262337 1.378622 0.464655 0.742637 3.824126 3.398199 0.428431 0.285570 2.827120 0.909177 3.165106 2.095413 0.707856 0.128667 4.361106 0.176226 0.563198 0.782652 4.992398 
4.413944 17.083722 1.139473 14.139027 0.358792 2.519576 1.299837 1.569080 0.455446 4.749826 1.454149 26.355256 1.930751 7.762556 0.275606 3.058215 3.237872 1.918629 4.321252 0.483976 2.776804 
1.558716 1.050291 1.025408 5.096533 0.281602 2.683069 4.652176 3.049689 30.432507 1.683643 1.717357 19.259148 1.926635 9.357083 1.954541 1.279350 0.652685 0.506257 0.348740 0.289776 4.013466 11.006925 4.168776 1.447908 1.864439 1.886073 0.721350 2.672986 0.162832 2.225186 12.969319 1.220571 0.111542 0.231340 
0.311152 2.489389 1.144032 0.609078 0.252462 2.239941 6.178318 2.641606 8.954966 11.758016 0.561653 1.693404 0.558467 3.029911 1.621006 1.376844 4.132426 3.628918 11.002466 1.636471 11.465506 3.927366 3.398195 0.296775 2.865108 0.275514 1.692411 7.571726 1.404427 
0.814212 1.144054 17.882134 0.624168 5.439730 1.046733 1.302858 6.234891 16.253603 14.271267 0.486847 1.671463 1.551287 4.856351 0.227016 0.249021 0.151771 3.701910 3.184236 2.665446 0.668465 0.137738 7.102113 1.871894 3.697154 7.193480 3.014043 0.408058 0.258239 0.789921 2.036327 1.969867 1.484927 2.213248 4.897330 2.348278 
0.230793 1.675581 8.155483 0.673435 2.168252 0.405926 4.222893 0.130061 4.368438 2.304792 1.723599 6.349759 2.193466 4.089820 1.175547 28.608184 1.713955 1.647706 0.502687 13.624408 0.422559 5.105666 2.589163 11.117805 4.759357 0.423060 2.052881 0.271143 
2.991578 5.088637 1.565645 0.403311 0.219635 11.872914 0.235309 1.139276 0.746885 2.802369 0.453441 1.223202 0.498391 0.391111 2.493687 14.837618 16.086970 2.902750 0.100137 0.762457 2.981973 1.870270 4.082755 2.832352 0.388167 4.170995 3.571260 1.911900 0.556336 0.235408 5.292890 14.050048 1.638959 12.371892 0.819973 0.532898 0.321696 2.953227 2.101161 3.962480 
10.084058 2.188833 0.950547 0.397199 1.443667 11.434665 2.194176 2.025659 0.518190 1.099578 0.378215 0.995270 0.270099 2.442562 2.361498 2.518078 11.378015 0.670060 2.907465 9.158645 13.782773 3.283587 1.674496 0.467594 0.161404 8.177427 0.791087 1.509043 21.742567 9.842813 14.909526 2.400475 1.629657 21.954063 1.024987 0.412392 0.696670 4.269174 0.173052 1.443962 4.327352 0.891000 0.586073 0.675973 2.346730 0.838945 0.872413 
3.356353 6.534026 2.219150 3.076193 9.818331 0.256334 11.408323 1.547810 7.808570 0.712950 0.220711 0.124339 1.843802 0.870183 0.495991 0.278229 2.874324 0.583355 4.436296 1.391137 8.397722 0.902790 1.088716 
1.766646 1.370369 6.828775 16.496136 1.627403 1.121278 20.157605 0.546034 0.975669 0.753406 3.221144 1.198660 1.913599 1.078254 4.972110 0.798634 1.915548 6.485869 3.711941 8.112418 1.946386 0.181009 0.420316 5.722560 1.601811 0.406443 1.904630 0.445491 0.242355 0.819063 3.540517 0.196665 0.657890 1.757723 0.431177 
9.383461 7.061327 0.793862 18.203825 4.279504 10.668680 6.135973 0.238944 0.082228 7.085891 1.184404 2.843305 0.668517 0.418820 5.092904 2.077236 6.968085 0.498037 0.095009 0.506089 1.473222 1.678714 1.984689 5.327219 0.494528 0.227621 2.882055 0.620003 
0.513918 0.290248 1.359787 9.474437 2.570026 21.933937 0.619147 5.953111 3.035331 1.925712 2.594412 2.815513 3.638183 1.283941 6.087264 3.228671 1.289091 13.387136 1.053754 2.408375 0.666601 0.592161 0.341088 2.642616 0.645915 3.088421 1.829314 5.956516 1.933741 0.255728 0.130826 8.692307 0.550599 0.603211 2.709940 
7.418610 0.348610 3.963485 0.432669 1.121347 2.746486 7.611130 0.110466 3.160499 4.301769 2.819684 3.065311 25.387240 0.378876 0.973109 12.572460 0.933161 0.110896 5.517618 2.778909 0.401636 1.075690 0.328515 2.606096 4.033296 1.297616 0.547271 0.432362 0.130011 1.719827 3.625736 2.062759 0.410494 2.288467 1.492646 2.413237 0.584761 0.255980 0.504692 0.262684 0.800642 1.249690 1.239254 0.249959 
0.489796 3.185764 3.169564 1.169354 1.945246 33.134619 1.776709 1.834689 1.392873 0.975391 4.886649 0.285553 3.653397 0.444096 3.525674 2.020231 3.009967 8.471646 1.839680 0.338092 0.407239 0.665083 12.019209 3.645986 4.221765 0.115376 0.910770 0.757067 16.399094 5.974871 
7.704188 0.203655 3.572401 1.205015 0.805762 14.649667 10.657918 2.821508 2.027248 1.196150 40.592419 12.680468 2.331136 3.404454 0.290383 0.612051 2.171986 8.154558 2.049189 0.308859 0.331582 2.433910 0.839951 0.624511 0.501416 0.512414 1.128702 6.956493 
0.416327 2.520169 6.685465 5.286926 1.676092 0.420986 2.224593 0.625992 1.947750 0.341348 42.086299 13.397453 17.421146 1.124776 0.286185 0.241435 6.480898 0.879330 6.413115 4.978517 1.747130 2.364146 2.077266 3.311201 0.903531 5.843645 0.462870 0.733055 0.305301 0.282389 0.510902 4.930626 0.174016 4.872259 1.832806 0.355973 2.095554 2.775643 0.439217 2.832724 3.530748 0.301125 3.124785 1.410736 0.955185 3.564871 2.684753 
4.146367 0.687633 4.269618 1.619208 1.838191 2.684414 7.591281 5.563498 2.176690 22.143126 3.676116 8.001913 1.595838 0.366627 3.975721 0.229864 0.347437 0.303043 4.223248 1.714713 2.256747 1.098999 2.026319 
1.952014 10.208461 30.280068 3.075825 5.049778 2.600730 2.279022 3.058107 1.012919 5.859350 0.795097 11.132964 1.920845 0.894805 3.167932 0.339505 0.757547 0.239011 1.350045 3.841418 1.094964 2.470657 1.242007 
3.343064 7.762932 1.547762 1.190115 5.451291 1.805508 17.147722 0.303850 0.085534 1.529538 4.380684 11.302518 5.436062 1.875585 1.849476 0.348326 2.735658 1.267112 4.602781 1.314267 
6.258113 11.712904 2.135756 3.128110 2.980102 2.289970 0.248236 2.319931 4.012713 11.959952 0.351559 11.369384 3.564255 0.192453 3.965581 13.983893 0.579971 1.432991 3.569608 2.494985 0.055575 1.444622 0.625928 1.655490 
2.437281 4.018371 1.311544 10.616095 26.594366 3.340910 3.412228 10.870398 2.124218 1.298511 0.345132 2.265327 4.166183 0.311719 0.807891 0.417861 2.095768 7.503137 0.808323 3.146463 4.966060 1.255781 0.888078 1.974794 1.384775 0.780147 3.577866 2.393935 8.578253 0.872950 
2.514183 0.692742 3.922863 1.300185 3.172510 3.108068 2.535638 1.583125 8.928635 0.869797 0.268690 2.929014 3.955347 3.871114 9.225336 0.852755 21.192157 0.344041 0.947067 0.255063 1.712961 7.982631 1.011787 0.161755 0.513406 2.478615 0.685292 3.191178 
0.614109 1.466805 7.707905 4.740018 1.518957 0.262054 3.601978 0.338007 9.718164 0.378924 3.422010 2.370271 0.710026 2.815200 0.711161 0.853326 32.642703 3.574655 6.526768 1.839081 4.655103 0.180513 0.967352 1.750451 0.482616 2.038318 
8.790744 7.329636 4.896200 1.955684 2.055805 0.276817 0.304805 5.419396 1.469852 1.016527 0.479210 0.689546 4.726006 2.757474 3.499858 0.214441 22.075958 13.739775 1.040484 0.454888 3.841425 2.065530 3.268768 6.064237 0.261748 2.160201 0.509518 0.768575 3.022692 4.291956 0.561737 
13.723785 11.204743 0.378661 6.005273 0.998976 31.178578 1.840928 0.333687 3.116484 0.968829 0.461424 0.232262 0.320109 1.980764 4.239978 13.256896 0.803734 3.651467 1.839659 0.087368 1.912008 2.058350 1.690843 1.440682 3.132820 
0.277285 0.198011 2.312961 4.312588 1.044943 2.984565 13.758888 0.057484 1.027069 1.906444 0.519533 5.213780 2.694171 0.509423 4.030056 11.164496 0.404911 1.758797 8.669749 0.125011 1.985777 5.426519 0.243287 1.137691 0.798554 3.024954 13.370528 0.108805 0.577472 2.886359 0.282152 1.732501 1.926135 0.594946 1.825158 1.300143 0.191489 0.749848 
0.529071 1.980848 0.407951 8.572901 9.525995 1.927329 0.531595 0.806948 12.338771 0.365835 4.162437 1.651885 2.793508 0.269723 3.090422 7.170214 0.515595 8.008646 0.156678 2.796463 1.948788 5.391919 2.305500 0.849154 1.052581 0.477966 2.055434 5.241470 0.270912 
2.013174 0.463943 0.110828 1.553667 0.386926 0.877745 1.009834 7.564844 17.281316 1.975125 3.337326 0.232440 12.907061 0.631559 5.336472 0.471662 9.278914 12.642649 12.138283 3.943126 5.175141 2.472333 0.317982 4.106873 0.805446 1.404089 0.515395 1.590770 0.432723 2.722905 1.273207 1.716004 
0.654224 10.582809 4.060092 3.006662 3.518614 4.929264 3.394573 2.324260 15.073888 0.541496 0.223325 6.129231 5.849847 0.147808 0.952229 0.374696 9.599751 0.497251 1.610010 1.366083 0.979462 0.576369 0.381610 0.496583 6.363091 3.050348 0.223822 0.560631 0.965995 2.913691 1.162055 3.253334 1.834016 9.459131 0.544777 
3.872216 9.045596 0.489151 0.291703 0.398968 0.335609 0.076243 18.213274 0.187237 2.081012 0.840174 0.682590 4.857136 3.592076 2.680864 0.237629 2.601950 0.220041 3.392909 1.217581 0.371222 6.407827 0.031418 2.053566 1.070869 0.728406 10.393044 2.190229 1.852914 2.802268 0.943983 0.172341 0.061965 0.149074 1.942569 4.717595 7.426147 3.161712 2.619821 0.129190 5.302266 4.524947 0.993756 
1.387454 10.346493 2.076695 6.487562 0.433501 2.801012 1.351513 0.029928 9.983751 0.797347 2.976662 2.088882 0.253437 3.709805 10.039519 0.262078 3.551821 3.042765 14.141353 0.799674 0.997044 1.739782 1.381863 12.633273 5.004402 0.235444 4.526939 40.339190 0.290954 0.799815 
0.805206 13.492958 0.325601 0.230451 6.023707 7.037999 3.886113 1.123048 25.024718 1.887089 2.036639 0.299701 2.648533 3.263407 3.431626 3.890607 1.304403 1.819537 2.347090 1.070455 1.933432 0.255772 0.966980 1.828006 1.649774 
39.847055 4.089731 3.397289 2.185074 0.303186 8.435307 2.583165 1.510586 3.882499 6.929027 1.462700 3.084390 3.033021 7.550394 2.034017 0.272354 0.428190 3.773132 0.924891 0.402903 8.271617 1.030997 0.947287 1.470346 0.432193 
2.956682 3.632218 1.102587 0.386726 2.530535 7.096555 4.488382 2.513457 0.912071 10.441030 7.709536 3.907272 0.914268 0.373901 1.272876 1.833991 0.223917 0.588639 0.237002 2.654038 12.111902 2.644210 16.698369 2.073419 0.362534 1.140486 0.442597 0.238526 
18.650592 1.927514 3.353644 8.640104 0.317080 9.643654 0.307017 0.265056 2.103652 0.037589 0.487779 3.680971 0.161351 3.502157 1.888375 1.839272 2.899717 1.340138 10.387758 2.571498 0.337108 0.704454 0.859928 0.768039 6.190031 
1.358438 3.072957 4.266597 15.823036 2.889884 10.075629 0.287595 0.816337 20.057996 0.455034 1.175905 2.732443 0.275413 1.098835 0.172650 6.718735 1.817255 11.526168 0.676754 5.335588 1.868993 0.308173 1.587737 5.382303 2.010024 0.837299 0.527302 0.436900 2.153200 2.070139 3.130287 0.309331 8.054743 4.417709 2.161359 1.369973 
1.770443 3.370935 2.698890 5.642131 0.308288 7.770068 15.506388 2.439693 1.502159 0.675779 0.281165 3.263936 0.116270 0.280912 13.735710 1.656426 0.196675 0.190072 0.526127 1.750848 8.206624 0.172238 1.553553 3.752898 0.020774 7.132519 1.549774 0.524399 3.806050 9.047167 4.381492 1.926831 1.075154 1.057018 
8.335676 0.113201 1.278363 2.855309 0.351329 9.486884 0.506182 1.902427 0.547766 1.253775 2.911477 9.721380 0.091152 12.531097 0.198410 0.656402 2.684049 0.875385 14.686314 0.720839 2.416431 1.076440 1.587832 1.410040 1.253311 3.795862 14.001392 0.624767 0.177908 16.234277 2.403276 0.366916 0.270367 3.395071 2.339678 2.737442 2.883066 2.937592 0.716576 5.314896 0.252732 13.321110 1.120634 1.671961 0.490052 
1.495793 0.241272 4.755665 10.631812 0.350640 1.510155 5.991208 3.650412 5.778474 0.491408 1.169673 2.967715 1.589638 12.912462 5.545817 1.583430 1.860143 0.859411 9.583632 1.544787 1.645136 0.470393 0.235965 0.584142 1.127675 0.563433 1.417682 0.664670 0.127141 14.941739 4.671969 0.496349 0.703474 2.337628 1.991397 2.224112 2.945950 0.423254 0.475506 2.856612 
1.545812 0.587031 0.290088 0.935565 1.458998 3.411087 0.763421 0.408852 1.708047 4.653664 5.751346 0.218990 0.821011 9.051077 3.612750 0.124433 3.206243 2.077303 3.479070 15.450494 1.325927 6.016351 0.151930 0.469785 0.372572 0.545961 0.368749 1.977596 2.027500 9.699336 2.981512 17.294993 5.657649 2.006646 0.813530 2.617481 1.945086 1.738036 2.271620 0.410818 
3.346209 3.155370 1.585021 6.498908 0.939091 2.661253 1.097407 1.859098 0.443690 0.201344 8.766543 2.027938 6.782813 0.484245 0.304746 0.361071 12.582407 1.072358 0.263836 0.482945 2.417205 4.313787 1.175550 29.227976 0.217066 0.248615 1.537940 0.288464 0.373786 2.887311 2.533406 4.378647 5.548450 1.882056 0.030881 2.062090 3.061214 0.189744 2.080225 
3.252368 0.960324 0.419946 0.229579 3.781659 0.260488 0.203614 1.918972 11.173973 3.221301 1.129364 1.117636 1.680137 0.971611 3.205134 0.342313 10.794757 8.176527 1.024994 0.154880 3.646278 7.407676 1.875054 0.469120 0.452259 0.736905 0.307990 1.951094 10.041473 0.711194 0.399740 1.681348 0.746567 3.313564 2.305209 0.262873 
0.340559 3.475779 3.159392 2.279037 1.016875 0.270720 0.725826 2.017912 4.661944 0.920495 0.451814 7.589502 2.398869 2.037011 2.725628 21.163391 11.485342 16.731226 3.824630 0.457761 13.416802 0.184694 0.568744 1.884137 0.588511 3.879291 0.936032 2.227715 0.360932 1.117551 3.469686 
1.842495 3.610088 2.825375 0.842679 1.776117 8.135080 0.292321 4.793732 5.461826 10.107150 6.029305 1.056045 1.482035 1.941938 0.551168 5.077258 10.891944 0.136305 4.810865 0.651023 0.228795 1.100339 2.339520 2.207341 0.492678 0.819163 3.813849 0.285958 
0.835135 0.237005 2.343559 0.263475 0.421387 0.857871 0.117091 1.392303 7.749413 1.097753 0.272883 1.892587 3.249098 0.135997 1.456993 1.823166 11.926744 2.387638 0.055012 0.539410 3.587810 3.431504 12.928178 0.290913 0.759458 11.444900 0.189571 7.613441 0.115150 17.184962 0.354181 0.533789 6.754030 1.675259 
0.989682 11.176403 0.655614 1.424266 4.928120 1.069917 0.479977 10.476435 0.560462 6.682378 0.962040 3.268310 0.309595 11.620868 3.672808 1.169136 0.248442 0.386909 1.905414 3.497507 1.550820 2.054825 0.357524 2.675914 1.041862 16.246103 0.541304 0.365717 
0.876445 1.911471 2.905708 1.973239 0.593374 12.114759 0.239765 2.215157 1.172860 5.814834 0.459400 28.675301 0.337849 0.332873 2.229595 19.849168 0.346108 0.182671 5.176034 0.144122 1.450958 0.680531 1.825450 0.310346 3.659090 7.229363 2.619244 7.080170 2.426782 1.747673 0.829251 0.283688 
2.065064 0.386479 1.346262 12.979204 3.038967 0.303817 1.934293 8.800562 0.327488 0.321795 0.279557 0.528830 1.746644 11.339055 3.585915 4.307563 5.534918 1.857980 1.886611 1.858490 8.370192 
0.483633 0.287965 8.611697 1.442116 1.116774 3.656127 0.462266 6.447955 0.263280 5.011760 2.575220 2.382562 3.669879 9.244710 25.589051 0.901515 1.980813 1.349004 0.399533 2.608808 2.784037 0.240908 4.172558 0.804187 1.372903 14.141181 1.964043 3.376345 0.320715 3.650585 1.171535 1.546575 0.527830 0.204028 
0.319533 0.422734 0.416323 18.301027 0.275487 3.031063 8.413066 1.886877 1.657451 1.080166 2.157426 5.382838 3.550746 8.329345 17.327284 3.313201 1.948806 0.735056 3.241059 3.450593 0.381278 
1.844290 0.374733 9.148898 0.249056 10.725195 3.049859 1.649826 0.520029 2.898622 3.746314 2.205419 2.404740 13.355353 8.864472 4.271598 0.373419 1.345139 7.651293 0.229909 0.382965 0.417146 0.689782 0.998461 1.668864 1.332573 0.389221 
10.316383 3.382549 0.597252 6.206330 0.118056 2.048689 0.186777 1.003356 0.324598 18.354430 2.816181 4.276366 9.091147 0.160606 0.654276 2.887555 1.211399 0.279592 2.306063 11.985257 0.130242 3.127589 2.722800 
11.279857 1.479365 0.326545 8.596900 6.661111 4.264036 0.285616 0.599362 0.341727 2.153279 4.019610 8.917170 0.776693 7.986598 2.641236 3.160854 0.419196 1.581241 2.217637 0.203724 2.794130 
9.380590 6.333150 3.201073 4.670023 11.987948 3.296356 0.370100 0.613562 0.361945 1.591642 0.885782 20.205884 1.919321 17.315516 1.756789 3.351646 0.462531 0.250780 0.032779 0.223384 2.540499 0.421159 0.642032 
1.101155 5.122844 1.765342 1.535544 9.389821 0.712475 1.430416 0.548111 0.320061 1.506834 8.977558 2.701249 0.931636 1.753630 3.500402 1.322406 4.666433 15.050730 6.572289 0.317418 2.635150 
0.359399 1.065265 1.854332 1.896469 0.281111 3.647525 8.460045 0.503797 4.600763 11.776920 7.670175 0.318824 0.833165 1.347647 2.314526 8.949542 3.199007 0.499434 1.555334 2.786248 1.892468 0.381920 0.294673 2.710429 1.260510 
0.393883 5.988943 2.168301 0.229314 0.430872 2.048223 19.198566 3.249878 1.938496 28.064109 6.186135 1.746435 0.732540 6.388965 2.081040 8.786101 0.818781 2.355279 3.442836 0.199055 0.524516 1.697911 1.548971 3.180971 
4.558857 1.163400 0.310781 11.646746 1.416851 3.159163 2.068070 5.376455 2.039567 9.893232 1.603302 0.741375 0.687783 1.409284 0.433128 2.729226 2.567941 0.260264 12.908844 0.116774 7.852053 0.309482 7.971079 1.630979 
4.771139 5.185006 0.916887 12.653015 1.991786 3.166652 1.715012 0.357241 1.952964 11.336057 0.973748 1.098728 0.277882 1.585244 13.786101 1.890609 2.380128 3.945108 0.437300 5.132099 0.201119 1.702832 9.381894 
2.968044 0.236289 0.218410 2.396262 0.183353 5.762340 0.699046 1.614419 0.764313 11.421835 1.994835 1.771514 0.433413 10.559154 10.392411 1.514904 5.461791 0.525872 8.846811 12.317579 3.332374 3.780635 0.752653 0.913495 4.235503 0.421678 0.764719 0.105781 
10.377328 0.518249 0.441124 3.659103 0.396276 4.266722 1.580282 0.453497 9.546160 2.522962 1.411024 0.217960 1.540734 5.151320 1.947751 2.463379 3.155810 6.578189 2.391977 2.237225 9.043670 0.817554 0.908111 2.356900 1.608713 2.953502 0.416897 1.154755 
2.491310 0.309647 0.951244 3.460799 2.012401 5.481684 2.540860 0.603108 11.272348 0.257459 1.591955 4.468770 0.914403 1.905346 0.426704 9.139239 4.889134 0.589731 3.753660 3.022078 1.786208 1.946416 
0.228297 0.292145 0.848343 0.377886 4.617465 3.978831 0.166020 1.918906 8.810567 1.479586 9.097561 4.171104 1.660144 1.424957 2.760284 1.787078 6.520357 0.289436 3.905779 2.692489 0.745844 3.665200 2.891421 
1.740546 0.293490 1.644576 1.855612 2.045915 3.004552 19.405821 0.273507 9.339361 5.656965 13.156254 5.391198 1.517215 0.698512 0.258443 0.761147 0.316236 3.930377 1.035820 
3.154348 1.846636 0.316177 0.761921 8.058454 0.320882 5.993021 0.949531 7.780567 1.858845 0.290826 1.126391 4.032163 0.962802 0.215295 6.353384 3.562248 5.432297 2.296119 0.308084 0.361980 9.860277 0.406384 0.490012 0.692070 3.513679 2.391330 7.264382 0.768879 0.556462 2.863123 2.948220 
0.213592 1.757158 0.257424 12.148908 4.985878 4.308881 8.330736 2.271176 0.241877 3.216449 1.182334 1.066357 2.397924 2.010865 0.330796 9.745497 0.472040 0.665193 2.215256 3.149819 3.837403 2.448142 0.479451 0.662038 0.361083 3.167939 9.361144 
3.669299 3.859771 11.663339 1.567378 5.509705 0.140531 10.760352 0.776913 1.361035 5.753100 0.632955 0.937831 0.287304 2.388417 1.903373 7.856789 5.168278 0.752379 3.034930 4.880562 3.228756 2.291187 1.550609 0.246129 0.776935 0.276100 3.539135 0.824076 5.039151 3.146941 1.974855 0.336238 0.558139 
2.494473 0.782985 3.726113 0.202281 4.919216 0.109181 12.687877 0.399551 4.604022 0.463221 3.422612 0.238969 0.700516 1.396100 0.529018 0.434116 2.068361 5.057344 3.005001 4.807435 13.030070 2.252485 0.206747 0.829929 0.521823 3.953040 




