    44.154158 187313.487004
    45.248483 187306.789282
    45.893189 187292.947666
    44.789668 187309.643202
    47.360273 187336.831323
    42.630330 187321.693464
    44.700704 187319.786677
    46.042627 187340.692787
    41.627431 187337.577156
    45.282165 187331.942797
    48.651053 187377.209155
    41.675681 187392.330517
    47.184728 187392.305482
    35.662355 187383.533383
    42.062652 187385.833628
    48.207744 187362.583265
    44.117256 187383.094264
    48.932647 187377.963620
    48.236343 187389.915426
    48.847596 187368.178597
    44.482216 187380.857026
    56.232898 187389.956532
    49.873338 187392.141014
    42.985432 187376.174834
    48.976887 187392.219413
    48.225648 187400.552464
    47.809736 187392.557504
    47.536078 187373.548142
    41.626998 187376.853549
    48.394495 187390.244495
    48.213215 187391.006556
    50.764555 187389.097282
    44.395780 187395.323028
    43.256762 187390.721964
    48.517833 187382.929432
    49.533544 187374.081867
    51.721190 187371.372530
    42.793234 187380.079209
    53.049759 187380.980534
    47.926157 187381.890627
    42.662866 187380.098360
    42.287161 187383.446626
    49.955219 187370.419019
    37.566349 187385.330786
    45.382000 187371.854470
    44.978263 187381.056024
    44.890803 187382.829522
    34.083407 187379.109396
    36.696856 187376.145189
    48.237271 187370.518195
    45.137898 187365.300578
    39.534640 187363.132425
    48.485391 187387.486737
    49.798197 187392.954353
    41.340578 187379.824918
    45.878671 187404.508406
    46.108522 187380.393307
    48.407172 187392.855134
    40.807597 187387.141735
    51.555098 187386.397992
    48.376878 187377.922196
    46.730952 187369.484052
    36.248431 187379.412567
    48.533111 187379.436226
    49.385171 187376.449133
    47.344064 187375.433695
    54.443591 187389.543738
    64.410978 187381.987840
    55.308688 187391.015315
    45.910387 187382.743875
    50.002367 187388.837895
    52.064847 187381.401917
    49.781352 187380.348404
    50.378646 187379.136295
    49.076448 187372.816519
    50.512074 187373.523909
    48.088706 187368.203108
    43.271147 187376.795919
    52.867819 187372.898332
    44.793918 187376.692867
    44.762227 187371.195098
    46.671601 187377.263698
    50.277611 187375.177768
    46.230229 187392.424939
    49.639591 187382.635444
    56.348748 187385.459651
    61.047378 187385.412307
    46.522180 187371.794736
    50.047572 187374.007481
    53.357898 187377.215649
