   0.1399011048 1592.2219367521
   0.1383657803 1574.2594361527
   0.1405535987 1610.6919530264
   0.1411339256 1595.9520687907
   0.1404655352 1589.3179289314
   0.1442918774 1607.0379325793
   0.1431174667 1604.3289575653
   0.1416595628 1600.6805008535
   0.1415666977 1592.2948584852
   0.1390831636 1599.7203419391
   0.1382139815 1614.9103509193
   0.1393315202 1601.5458392548
   0.1390239126 1620.8890969060
   0.1400493645 1589.8250999090
   0.1391662491 1600.6975481884
   0.1371565436 1592.4108041217
   0.1355872742 1585.3165279937
   0.1353439058 1597.6543207212
   0.1359180367 1611.0871908341
   0.1373398942 1608.5908033186
   0.1346831907 1608.6705920367
   0.1336567772 1613.4026366141
   0.1332810121 1600.1109366680
   0.1322037915 1576.0446494503
   0.1330371589 1594.9135669699
   0.1318894028 1603.7621882979
   0.1295887846 1597.7970327525
   0.1290477684 1618.5986870354
   0.1309941105 1608.2164734861
   0.1309291486 1590.4303209752
   0.1293063202 1613.5614055028
   0.1310312606 1590.7789727425
   0.1319721071 1596.5973866428
   0.1341115291 1599.9491972089
   0.1341892355 1597.9508851780
   0.1324589617 1595.2835228336
   0.1323380503 1609.0364316836
   0.1310039320 1609.9828964028
   0.1328267883 1592.0850456326
   0.1308895832 1607.4616236790
   0.1299388644 1601.2905331474
   0.1315067544 1605.4119649707
   0.1288328382 1608.1069692066
   0.1307123668 1620.4236088873
   0.1344190399 1592.3048870330
   0.1337359463 1616.9136682798
   0.1334039625 1615.2659535360
   0.1324978345 1599.2633048673
   0.1315604051 1603.2905204225
   0.1315475764 1599.1485134484
   0.1318897440 1606.1763241377
   0.1311866972 1594.6836742947
   0.1301414329 1601.8724439756
   0.1284875532 1591.3947245017
   0.1321887515 1596.9251134653
   0.1309095173 1592.6761195076
   0.1297767989 1606.0382015288
   0.1304689731 1605.6997232015
   0.1309992432 1598.5522907971
   0.1302059007 1598.3817409192
   0.1311907497 1587.4602546838
   0.1330014620 1610.1060905539
   0.1326058303 1590.1855824406
   0.1327448899 1607.3183134985
   0.1358293967 1610.7896005593
   0.1333253193 1600.6851454073
   0.1329089547 1599.5732770960
   0.1349036903 1619.2518078829
   0.1352442259 1612.2251907863
   0.1340187763 1621.6222824432
   0.1356317188 1602.3172971204
   0.1370850721 1610.6711766083
   0.1351561744 1610.1608762545
   0.1346577576 1613.8456833146
   0.1334781711 1594.3722704051
   0.1342166260 1603.4147834060
   0.1341405996 1581.2540478052
   0.1354101229 1600.3715643465
   0.1359595438 1592.1089314908
   0.1349962152 1601.5985762462
   0.1315671374 1607.4359951001
   0.1301872300 1607.9313943254
   0.1300823160 1604.7543568322
   0.1292719919 1602.5312971658
   0.1278862970 1606.1765458591
   0.1277259952 1605.4842111517
   0.1278632657 1606.6395747622
   0.1276277792 1595.4167095494
   0.1284294526 1608.8973076856
   0.1279689701 1607.9260704916
