4.698973 5.437698 5.235198 5.008615 3.100017 5.877431 
4.473041 5.502830 5.388599 4.994376 2.917059 5.756304 
4.315438 5.701181 5.862668 5.755914 3.467289 5.837690 4.461811 
4.401841 4.149206 5.588715 2.592840 5.259174 4.305671 5.967039 4.882464 
4.493778 4.051904 0.812969 5.852645 5.733014 5.496682 2.423477 2.923402 1.640542 
4.237563 4.106572 0.019082 5.786857 5.628450 4.867315 3.219208 2.262767 1.208937 5.691921 5.267916 
5.616678 3.840331 5.194053 0.003340 3.176892 4.242954 2.947869 5.565426 0.796252 4.088393 
4.628423 3.758299 3.763521 0.277758 3.228709 2.199073 3.388693 5.706119 0.714880 2.176948 3.062323 5.361044 5.055012 4.006672 
4.008673 3.796228 3.340610 0.099873 3.116896 2.243517 3.526949 4.033223 0.619079 2.243122 4.071261 4.633901 4.124764 3.495123 
4.364951 4.222328 6.049696 0.108541 3.598609 1.979486 3.021573 4.296463 0.771366 1.100613 3.311482 3.411946 3.463294 4.431521 4.216591 5.260052 2.434326 4.113215 
2.554700 2.445981 0.560644 5.355263 5.835034 5.713790 3.400765 1.454114 0.717380 0.529529 2.574043 4.579665 4.594944 1.090217 3.505992 3.012977 4.573372 3.599873 5.524118 0.197186 6.043491 2.709019 2.377079 0.035168 4.595963 4.031101 5.252795 2.256106 2.539877 4.929743 4.037353 4.181116 
4.398928 4.248769 3.788248 3.707435 1.077552 6.083004 2.134597 1.858984 0.999731 2.804343 3.018147 4.164947 0.671391 0.791751 0.814159 4.233606 0.268613 3.032091 1.696748 2.905909 1.879546 2.535341 1.847826 0.196056 5.535399 3.598825 5.870259 1.470280 5.949794 5.304252 4.857765 1.610306 6.078529 1.409314 4.875003 4.742635 4.201531 4.770370 5.958301 3.496187 5.757348 2.494304 0.296444 5.349304 4.359584 5.077221 2.241512 4.265223 
2.137199 0.521646 5.017245 0.010361 0.838939 4.119321 0.715250 5.522664 1.698722 1.133978 5.452886 2.669115 0.076368 5.404391 4.046535 3.673632 3.348843 2.688979 2.956838 2.418726 0.535613 0.852312 0.020380 6.037004 3.759144 3.204150 5.284512 3.305528 0.060840 3.425552 
5.927254 2.004214 5.760899 0.123113 3.324835 3.800261 0.419637 4.949424 2.070376 5.241506 0.474792 0.440733 5.243080 0.256343 3.102018 0.343508 2.923621 3.992760 2.994640 4.366001 0.718701 5.136820 0.063001 0.927289 3.242809 0.949411 1.882608 5.860854 2.741025 1.077894 5.300729 2.999274 1.559068 0.837757 1.195316 5.516317 4.975328 3.865351 
0.142346 1.744700 0.744780 0.521910 2.805268 0.968408 0.625444 0.952449 2.447072 0.367710 4.044312 4.742937 4.013614 4.877737 0.176893 3.967784 0.871141 4.125017 2.901499 4.172450 2.110402 2.427049 1.233361 0.822201 2.178671 1.860655 1.417325 1.492102 2.560197 1.736976 
5.329435 2.234137 1.018259 0.818183 4.034618 1.158070 0.911027 0.411485 0.662968 4.106123 3.796847 0.035012 2.137437 5.692422 1.537666 2.275820 5.085863 2.439857 4.849178 3.786514 1.449489 2.116593 5.428167 5.836578 0.877507 4.953756 1.786617 3.219718 1.679201 3.697635 1.840836 5.041109 2.609630 0.509428 3.707462 0.235317 
1.217235 0.997919 3.666951 3.010817 1.639028 2.585772 0.605405 3.202803 1.834469 0.118558 1.316359 2.391980 0.235102 4.785641 2.768976 1.531375 0.081767 5.086649 4.550934 0.652616 4.209578 2.518628 2.570727 4.253963 1.205419 4.529629 3.545923 2.613158 4.814596 3.324043 1.777842 
4.814438 0.074674 2.765339 2.502845 3.555928 0.465521 5.426103 2.425394 1.715078 4.337730 5.146278 0.083823 0.910377 4.208862 1.293027 1.511613 5.488730 1.755357 1.095256 0.098879 2.794660 0.525108 3.648754 2.361531 5.583754 2.009309 2.763711 3.467924 0.294600 6.001450 0.653326 4.709364 2.548716 0.416704 1.611044 1.464540 2.176956 1.364599 4.448758 
3.333882 0.117358 1.328296 1.383447 1.188574 1.361236 3.978838 3.113401 5.106108 6.041175 0.519955 0.100357 0.031639 2.463160 4.440886 3.715411 3.833521 2.724694 2.070381 5.177331 5.174320 5.376114 5.510543 0.263882 2.555185 2.582398 3.053884 4.245220 2.720145 5.937972 4.140383 4.744569 3.994433 3.310970 
6.043867 0.057043 2.878850 3.036124 0.634297 0.779091 4.102297 1.016086 5.755165 0.241763 0.437438 0.415984 3.833350 3.596837 4.952937 4.383850 5.491728 0.216563 2.084063 0.795066 4.805711 
0.557579 0.977104 3.847758 2.616186 4.528934 0.742571 5.376644 3.141971 0.267605 3.262973 0.833920 3.803531 2.008819 0.851068 3.658623 0.549206 0.226552 3.368706 6.059080 1.155780 2.528262 2.755657 3.816661 3.293304 0.287752 1.253437 1.696772 0.800202 4.272356 4.645281 0.044195 3.470237 3.517313 3.197762 
4.671068 1.714734 0.891812 5.686299 1.825136 0.798420 3.129108 1.935929 0.360145 0.392750 0.884234 4.774828 0.964447 1.924016 0.731002 2.656253 5.624412 4.251034 3.182871 2.319896 3.246882 0.757975 0.550812 4.493769 5.256159 3.863443 5.247625 5.848977 2.379021 
3.095150 4.495555 3.498119 0.507989 5.918949 0.028551 2.710305 3.606787 0.162925 0.159455 3.412820 0.310636 3.665670 3.531344 0.657038 4.238365 2.828984 2.699946 0.785944 2.898247 5.323511 4.530719 2.392809 1.052024 2.202001 5.802101 5.448038 0.135351 2.010242 3.933927 0.622364 0.785460 4.592202 0.697690 3.505156 2.673967 
1.063780 0.682593 3.287883 3.384089 4.338082 3.451268 3.294969 5.272535 3.893008 0.665339 0.729543 3.251607 4.225368 0.737178 5.504807 0.025010 5.197395 2.957009 0.869257 5.885590 2.821058 2.913797 5.408744 0.198958 5.925412 4.146298 1.235300 0.308536 
4.852002 5.816164 3.861417 2.730994 2.728817 3.470853 5.458200 4.163223 4.675115 2.330670 0.136395 2.460670 5.471472 3.554225 1.395154 0.137331 0.042264 5.002119 3.268577 1.858258 0.310521 1.372376 5.938148 1.636052 3.565959 3.287101 0.891905 2.328556 0.493460 4.335184 5.268681 2.810062 3.745266 3.610534 0.890560 5.768353 0.283900 3.526502 3.813299 1.574224 
2.717198 0.048582 2.009995 0.729892 3.349056 3.229690 1.680357 2.712198 3.538158 2.895258 3.325137 1.927996 6.062963 0.353340 5.281630 5.333347 3.279647 5.613660 2.135605 1.905165 6.036120 0.163075 3.297305 5.512730 2.011545 3.435591 0.171481 1.478249 0.126891 5.843009 5.939132 5.203895 2.030567 0.166911 5.745553 0.316981 1.363725 3.883050 5.649254 3.025725 0.912328 0.576517 5.768441 3.420170 1.958056 5.871432 0.200041 
5.286315 2.593978 3.938276 0.650987 3.715136 1.414876 0.153730 0.667229 2.836858 5.374282 1.124019 5.985931 4.508549 1.738461 0.647513 4.974068 0.890360 0.380075 5.799462 1.495930 0.781547 2.653850 5.604376 
4.083675 1.024031 6.043882 0.188942 4.649075 0.087980 0.026877 5.699683 3.304152 4.315615 5.902383 3.129408 0.537863 0.247583 3.431838 2.290470 4.185602 3.981177 4.556258 5.881892 0.411648 1.864034 2.682179 0.630576 0.306716 0.534872 4.337007 5.332852 4.628227 4.856643 2.013085 5.086676 5.123183 5.702288 4.338401 
3.081297 3.466706 4.166063 0.034850 4.739860 0.485914 4.186217 1.420011 0.116984 2.656199 2.454405 5.038389 3.982477 1.438592 4.868097 1.269234 1.278440 0.395363 1.650705 1.621581 3.011376 4.513028 1.964294 0.538647 4.608740 3.705126 0.334046 4.071572 
1.125445 1.562088 2.550160 3.534878 5.353783 0.108613 2.302862 5.898114 3.421233 1.270720 0.400906 5.365344 4.120109 2.564648 5.945579 1.340342 0.447670 0.023342 2.646918 0.221546 5.296825 1.255668 4.284025 4.824978 4.032203 1.752471 3.902610 2.820774 2.099600 2.606121 5.985635 2.996028 4.967789 4.347718 4.583173 
3.510746 5.610987 5.099136 5.068073 5.963150 5.108115 0.039470 5.225299 1.009637 3.129355 5.468005 1.069271 0.955646 0.245598 3.014159 3.873131 5.067808 2.429567 3.020367 0.462250 0.722824 0.162091 1.277766 1.027243 5.341135 4.480225 2.211152 2.639583 4.900482 4.942897 3.451291 4.056822 1.291644 4.866339 1.325254 0.820491 3.141755 5.513904 3.644823 3.196282 3.647181 3.409271 2.572435 5.018910 
0.352977 0.878950 4.260863 3.764772 4.848569 0.041299 3.359406 4.008909 0.086365 2.697242 3.207612 0.796486 5.253313 4.227832 4.572184 1.630142 2.284292 3.608132 1.086136 4.638456 0.102911 0.150138 2.803612 0.516070 0.470091 0.715182 0.855068 3.521196 0.358013 3.231995 
5.669940 0.559853 4.506715 2.774806 4.048497 2.856310 3.515166 0.921095 0.359815 0.608075 0.321262 0.184670 1.377217 4.648286 3.494453 1.113001 1.173641 2.895326 4.644940 0.887726 3.849528 0.788389 4.190469 2.864712 2.847541 3.014816 5.255795 2.660827 
3.821744 4.266215 5.570272 3.758571 4.613199 0.562541 5.674443 5.414161 4.068536 0.091789 0.560677 0.185443 3.698839 4.441108 3.213165 2.787310 4.227431 1.716352 2.547339 5.872875 1.781751 0.926368 5.465533 0.714825 2.935853 3.375523 0.801829 0.708554 4.918073 4.103759 0.999316 5.482428 2.287121 0.469022 3.169087 3.494753 3.904273 1.400235 3.228308 1.158769 0.972341 4.555485 1.321612 0.863445 4.690897 5.249057 0.575299 
5.919403 1.900361 0.333837 0.574424 0.136120 6.031197 3.380409 2.711717 1.903975 0.163165 5.695805 0.628018 4.600567 1.038491 1.786103 2.838954 4.824421 1.419760 3.127117 1.205462 4.224297 2.261244 1.743181 
3.678914 3.404461 0.539021 4.346434 1.134095 1.940173 3.973544 6.072417 0.416020 2.719594 4.460598 0.022587 0.920424 0.934199 2.628812 4.951582 1.403045 1.336133 0.260035 0.808370 2.462922 1.045779 0.494306 
4.124171 3.390373 1.283277 3.924573 6.047791 5.526861 0.338712 1.860368 0.009636 1.474395 2.784367 0.345900 3.153557 0.809007 1.174186 5.166182 5.006048 2.304254 1.778324 0.760601 
2.391086 3.044843 0.420409 5.986325 0.704246 4.816398 0.646144 4.029383 0.477169 3.068766 4.428801 0.282645 0.362061 2.515398 5.945907 0.414702 0.478962 3.520711 1.932955 3.118163 0.924733 2.396082 1.134017 5.028630 
0.744536 5.870343 2.283199 0.294026 0.133868 5.437907 1.202962 3.088257 4.933068 2.276957 4.668249 3.173418 2.439966 1.643434 1.209081 1.083032 3.961156 1.810820 5.569201 0.338254 2.621997 0.494577 2.078576 3.830104 3.613092 0.451175 2.462512 0.339058 3.466808 1.722611 
2.228774 1.076461 1.565104 1.954413 0.828146 5.434311 0.301444 3.356587 3.417658 0.286495 4.076729 5.791477 3.412459 3.046620 2.699280 2.254677 0.113160 1.166856 2.789788 2.038553 5.687026 0.113186 0.980457 2.249522 3.662136 4.183283 2.756298 0.528735 
1.477878 1.805958 3.449670 0.581557 3.900908 3.997521 5.216254 3.174061 3.230152 4.374838 0.713776 2.295744 2.096943 4.501675 2.637863 5.604084 0.013694 5.371610 4.071942 0.357995 2.688525 1.606960 0.480668 3.603934 0.665289 1.239108 
3.352353 4.048936 0.106884 1.530759 4.663642 2.035314 4.950507 4.813746 1.282905 1.935248 1.496384 0.126861 5.788842 0.099496 5.462157 0.239150 0.000148 0.035546 2.021023 1.054442 1.287842 3.928718 1.066273 2.442559 4.931882 4.552344 4.978150 5.643643 1.857690 0.531690 0.758576 
0.306196 3.593604 1.028533 2.068383 0.832522 0.510708 0.398901 1.197945 5.702490 0.462660 4.161361 4.584432 1.393573 4.119736 5.442773 3.651866 1.396552 1.110855 3.355560 2.542463 0.785940 3.488489 4.151702 2.725990 1.577771 
2.538761 0.148695 5.027000 5.646972 4.684487 5.737618 3.240572 3.988834 3.376366 1.779775 5.118639 5.856316 0.394024 2.119162 1.048734 3.824265 1.531683 5.465094 0.081046 4.301643 4.081973 2.430146 0.308297 2.173847 3.752880 0.859685 0.208737 0.178635 4.779660 4.414026 5.755994 4.989016 0.631962 0.777976 1.468265 3.963024 5.901068 5.704607 
0.138502 0.219689 0.200847 3.671656 1.994759 0.477654 1.515533 1.198177 0.281273 4.201286 4.729912 3.655608 1.715044 1.485768 5.090730 2.418618 2.270479 0.290668 4.918600 1.624120 1.021052 0.598825 5.298395 1.899448 3.872708 4.746736 3.561564 4.276935 4.661508 
0.176047 3.926646 0.761073 3.427547 0.105155 0.884827 3.685517 2.591938 0.036505 5.703628 4.546172 0.695272 2.603776 0.062691 0.983140 3.196157 3.845881 0.659219 3.048871 5.227881 6.002058 4.839784 4.540524 0.657895 2.308740 2.726622 4.832649 2.394875 3.318337 3.384504 4.009494 4.584985 
0.009214 3.066853 5.690491 4.824670 5.325578 1.161615 5.164419 0.053139 0.629377 1.539313 4.108707 2.755378 6.053452 2.653426 5.594397 0.731508 0.265561 0.695986 4.261321 0.231253 2.540267 1.656283 2.675507 3.819290 3.522240 1.847649 5.571552 4.474329 0.754759 0.154482 3.870370 5.556392 0.730888 5.976167 1.886435 
6.054473 0.422395 4.667968 3.205762 2.894911 4.808762 5.474370 3.002397 3.131504 4.500245 4.694434 3.773164 3.270260 2.953716 0.394005 1.520590 4.970476 3.713396 0.533755 1.482230 1.259269 3.431466 0.363666 3.586435 3.384294 0.241344 3.656471 5.911392 1.650620 2.104613 0.930452 2.187793 0.030523 1.497133 5.847720 5.879012 0.337708 3.567886 1.666854 4.427391 3.611061 0.532399 4.500187 
0.209607 0.874603 1.784276 2.169542 3.893270 3.725030 4.088759 0.720551 0.320377 3.146738 0.548868 1.392364 3.639451 3.973545 3.484453 2.841811 4.578765 1.175261 0.151358 3.100765 0.773254 0.783483 3.209399 3.454862 0.320244 4.580742 2.528398 0.160495 3.416595 1.975994 
2.452766 0.037818 3.801413 2.071457 2.325105 3.682395 2.713816 0.196563 0.001358 5.228675 4.691864 4.903769 0.955235 0.363346 5.337287 5.200119 3.773632 1.076627 4.009723 0.275462 2.043977 2.241810 1.141767 0.509100 0.115171 
0.008408 4.547243 5.616308 4.650723 4.404571 3.292589 1.049375 0.960327 0.592702 2.131236 4.268488 1.683073 1.154651 4.811581 3.648764 1.453010 1.373584 4.246380 2.676204 4.170131 0.169682 0.304898 1.729114 3.143693 1.941491 
5.409647 3.369638 4.283670 0.757813 1.962653 2.806707 1.195543 4.369124 2.543791 0.073642 3.183924 5.536571 3.097333 4.897239 2.680627 0.384407 3.285689 0.246085 5.929956 3.981013 0.072139 0.600082 2.802292 0.406233 0.293676 1.328449 0.663711 2.750240 
0.002844 4.121255 5.277461 2.968569 5.383588 2.986637 4.587632 1.090761 5.769842 1.706810 0.374888 5.519915 0.141457 1.033720 0.043183 3.665437 0.356736 5.100215 0.617062 1.605329 2.749056 6.045307 2.380197 1.126540 5.998002 
2.492614 1.402155 0.668420 0.263187 5.458600 2.758370 2.251599 3.046330 2.932790 3.305941 2.018821 0.262857 0.746167 5.803088 2.166604 5.663352 1.539509 0.082850 0.770140 1.939717 1.247560 4.447631 2.296655 3.559889 4.844691 0.725043 0.423434 4.447139 0.068932 3.831455 1.479776 2.743833 2.269133 3.398743 0.156405 2.009224 
5.456296 0.371404 1.039907 5.796238 4.360000 3.005324 3.115080 1.935630 2.217470 1.232526 3.183435 1.291775 5.565531 0.992092 0.014725 4.293868 0.574538 1.889015 5.108323 1.259106 0.560106 2.530840 3.915887 5.981904 1.012694 3.487816 5.870061 1.239581 5.135573 2.733238 0.816875 4.297134 3.403659 3.016272 
3.260271 5.878820 3.719904 4.452969 1.944976 3.224999 3.503480 0.407907 0.468148 2.190926 0.958337 2.245909 1.791535 0.141641 1.180136 5.963384 1.429811 5.580700 0.673669 1.374457 3.927317 2.084300 0.792151 3.846718 5.125874 5.700086 2.840095 2.012880 4.251856 5.711843 0.045692 5.564277 4.092054 2.201930 4.164685 0.179697 4.317040 5.491278 3.583658 2.049666 0.787404 5.660087 2.102755 4.275250 3.507597 
3.963787 1.530612 1.519428 2.871770 0.125268 2.210208 0.344766 3.030538 5.912074 5.697619 2.360632 5.457225 5.943623 0.619288 5.986411 2.241436 1.454773 2.658247 0.797231 0.976852 0.082321 1.186207 3.864769 1.586806 3.437602 0.725967 5.892288 1.127584 1.074777 2.822932 3.460965 0.750293 0.863577 4.528418 5.390083 1.048828 1.321238 2.155667 1.657821 2.398422 
0.393538 2.019198 1.501467 5.201370 1.559661 5.397234 2.296490 4.919394 0.698885 0.050056 0.111274 4.051359 4.942705 3.042072 5.726082 5.297905 2.782713 3.622142 4.502935 0.217513 1.286837 1.479811 0.887965 2.121410 4.836739 0.735591 3.454015 1.762621 4.116178 3.723471 5.074260 3.074579 2.702964 1.111688 4.021581 4.518476 4.073932 2.041984 1.132373 1.359992 
0.839213 1.002741 1.048415 3.185137 5.103240 4.430596 0.317755 2.116634 0.568009 0.298554 0.089519 4.273001 2.935507 2.936044 3.483172 0.716503 3.313133 4.035376 1.241096 0.013716 1.896372 4.415518 0.553872 0.832501 1.838504 5.163647 5.953155 4.891525 0.041930 0.829618 1.262880 0.279537 5.756490 2.989347 2.531542 1.169626 3.948379 5.207385 1.035499 
5.329735 1.718019 4.749401 0.574675 4.590430 2.880188 4.931780 3.706284 1.993410 4.693724 2.166600 0.148829 1.218570 4.527054 1.844455 1.020124 3.567306 0.508042 1.601958 4.449969 5.372382 2.919853 1.790003 5.768824 0.816110 5.269122 2.887775 0.809150 0.512345 1.718761 2.083892 2.045830 4.297450 1.768774 3.273495 2.347795 
4.234951 4.825479 0.777413 4.616538 3.967724 0.925045 4.246174 0.837920 2.523778 3.145277 1.192039 1.962737 3.293802 0.623912 2.024064 0.373431 3.486759 0.794995 4.870998 0.241803 3.345526 4.190185 2.412527 0.039940 1.019227 1.041891 1.381025 4.420657 2.343726 1.204273 2.293445 
1.772489 1.264974 0.432771 4.012672 4.140443 2.085621 4.278768 4.194481 5.820133 0.305289 3.203577 2.498361 1.759403 5.279958 0.047385 1.091704 3.429130 2.740205 0.132266 0.231345 1.474306 2.270989 3.528883 3.674821 3.989905 1.452288 4.811411 4.281827 
4.854962 4.635863 4.596001 0.611827 0.773041 2.716043 0.384456 3.592756 3.147047 3.717170 3.887574 1.059954 4.672410 1.963397 4.016048 5.397038 3.246019 1.316177 5.486822 5.164236 5.547692 0.755678 3.668683 1.111109 4.915830 0.423898 3.693615 2.732425 1.204363 0.212765 0.193352 4.394988 6.039369 3.194755 
1.715093 3.410421 0.092848 2.552452 2.859284 3.474828 0.178254 1.075239 0.923665 3.018750 1.522649 4.919679 0.941254 0.148949 2.493077 0.793473 1.754901 4.640082 1.000741 5.274172 0.274780 4.515669 3.899587 0.817656 0.281687 0.161056 0.202498 4.034269 
2.102705 2.529543 0.649004 0.669139 4.365364 0.120139 2.748956 5.274047 6.094643 5.764960 3.006149 0.335305 0.738796 1.182614 2.826122 3.789224 2.357117 4.954356 1.282042 5.804045 4.006564 3.481907 0.347548 4.582546 5.658133 3.012600 4.434734 2.387402 1.050541 3.089791 4.666451 2.779968 
4.890691 0.565817 1.819093 3.994359 4.715617 3.994002 0.521998 2.721649 3.067217 4.315954 0.092822 2.091826 4.151623 0.377868 0.707396 5.541606 2.514070 4.477361 2.934910 0.685369 0.266031 
3.770546 4.026823 0.269885 3.701263 3.055176 0.892307 2.051473 3.004472 5.009690 2.939082 3.660695 5.931674 4.729376 3.629402 0.296319 4.429710 1.126913 5.298987 3.139415 1.780957 0.088912 1.441182 5.789933 1.265707 0.857153 3.976948 0.688361 5.084711 4.331216 4.198098 5.145146 2.023417 3.410046 5.538199 
0.280501 3.546738 4.264825 0.412625 5.230215 4.872121 3.649511 0.495112 4.317008 0.621991 2.668670 2.423205 0.063025 3.952730 0.395308 4.761834 0.522470 0.567839 0.754600 5.775457 2.809666 
2.789190 3.131353 0.858118 1.024112 0.199778 4.509263 3.976657 3.813953 0.323161 4.632038 2.698766 0.441622 3.967120 3.105008 0.438336 4.210912 0.649736 2.887479 1.552459 0.788854 0.319010 4.416467 4.201579 0.776919 0.811247 2.903075 
0.861002 1.208423 3.789800 3.093687 0.417728 4.596240 4.268758 2.724666 4.152497 0.025045 1.869645 5.175282 3.166877 3.903480 1.748828 5.216885 3.426797 0.335239 0.684744 3.594467 0.160205 2.238249 4.821801 
0.561784 1.285825 1.009332 3.126364 2.895879 5.828048 4.199610 1.017014 4.729761 0.243981 0.733633 0.587806 2.021758 2.179992 4.105836 4.948199 2.281764 5.076601 0.592363 1.618184 1.184521 
3.136214 2.138874 4.988139 1.121321 3.256596 1.027775 4.090502 0.856515 4.501859 2.055802 1.981916 0.090181 0.321284 0.545232 5.269241 4.943014 1.046654 1.119381 1.925504 3.719651 0.661790 0.251938 1.359543 
2.175404 2.421417 0.766719 2.730635 3.144289 4.450653 4.477256 0.956470 4.162665 2.214023 0.370157 5.011488 3.526673 0.560269 5.208646 0.920183 0.421523 0.170475 3.383610 1.779490 1.247303 
4.177308 5.449957 1.036895 4.456051 1.431630 0.764135 0.049629 1.114963 6.015216 0.742221 2.673701 3.762872 0.582912 1.862681 0.378023 2.966374 5.409802 1.612331 2.179434 1.354557 0.031961 0.462960 0.129764 1.480373 1.867214 
3.789925 5.909315 0.040262 4.295659 0.092165 3.818901 0.047804 4.385241 1.602492 0.407620 3.501418 0.167647 0.393919 0.893143 5.378316 3.156172 2.002652 0.053748 6.003702 2.127187 2.252523 5.803200 1.940095 0.450804 
4.007046 2.311069 4.660279 3.768412 4.600771 5.782540 0.820699 5.257564 1.452953 1.113565 1.517642 0.252482 6.066335 3.095597 3.930835 0.772940 5.254531 0.640025 0.405737 1.074880 2.688913 4.805554 2.918957 0.447914 
3.337106 5.853033 2.252409 3.577767 4.387381 5.614298 1.794173 4.620638 4.214818 0.896659 3.260746 0.472671 2.018162 4.899847 0.265663 0.490798 2.042447 2.340350 5.727988 2.705997 5.875930 0.981669 3.236047 
4.930882 2.431255 3.628218 5.091778 4.123784 0.678040 5.171243 4.875894 3.542285 3.180675 2.270053 1.888843 0.067066 3.632994 0.298647 0.485817 4.644549 2.233456 3.660477 2.590923 2.290848 2.933770 4.204065 3.255204 5.527141 3.574753 4.217193 4.852966 
0.365084 0.219052 4.028456 5.805905 5.973297 0.641362 5.321482 3.226258 3.279638 2.720817 2.662699 1.065825 4.774760 5.230394 0.411942 5.063286 0.269330 3.830672 1.243509 4.952446 2.154563 2.966994 2.141643 4.248800 0.843988 5.132616 4.152920 2.057187 
0.146297 4.940917 2.001775 4.549253 0.873580 0.996576 4.378792 4.022580 3.562171 1.782158 4.476119 6.028325 2.341778 4.464756 4.414467 0.071669 2.747272 0.278995 6.054961 4.919810 0.544982 5.057956 
2.351134 4.775885 0.937574 4.829665 5.001098 0.992239 0.180235 4.257432 3.449967 2.617384 0.128564 2.297188 2.280037 1.382940 0.449818 4.388579 2.715737 1.019343 5.669971 0.110083 2.547358 0.210690 5.086369 
4.047867 5.603846 4.042845 4.154677 0.543725 5.455253 4.091785 0.376828 3.519079 2.527542 0.213182 5.844614 2.384486 0.671377 4.010150 1.413689 1.377913 1.336628 1.752732 
5.455365 1.472413 4.942365 1.396386 3.653347 4.682349 2.588738 4.884408 3.899387 0.852707 3.380938 3.995953 3.199980 2.294175 2.980185 0.658500 5.387561 1.407654 3.958024 0.435544 4.623292 2.642686 2.589522 0.310315 2.748881 4.929272 1.185031 2.991070 3.474155 2.439051 5.132903 4.958433 
2.316013 0.790765 4.537310 0.554927 1.021533 5.130474 3.698114 5.058926 1.112134 5.708959 2.188228 2.538031 5.021386 3.221254 4.601952 3.037495 0.759648 0.766826 3.971682 3.102248 3.851458 0.900173 5.331440 3.219957 2.992358 2.785832 6.057316 
1.523879 3.685160 2.563815 5.313501 1.103008 2.784012 3.447999 1.259376 2.607657 5.750507 1.502016 2.523198 0.238363 0.926196 4.089073 0.102882 5.321181 3.729046 2.401007 1.657902 2.323466 5.137650 1.003383 5.101024 1.130436 5.597962 0.659751 2.207163 2.058796 5.369719 0.879061 3.157918 1.915102 
2.658889 3.281100 0.375564 1.817954 1.343137 1.400325 3.532434 3.695139 3.925690 1.566014 5.204590 2.208189 4.460291 4.608979 4.366699 1.760305 1.323230 5.462477 3.470347 2.873274 0.202591 4.308325 4.529559 4.174827 2.085501 4.112198 
2.639010 3.938187 1.661727 4.559768 1.404393 3.459712 4.233835 0.641827 3.490281 2.116460 4.532367 2.579143 3.410769 2.512117 4.726466 4.876611 1.849341 3.421439 0.038457 0.022292 0.798588 0.717947 2.418702 0.125717 4.916886 0.862922 1.533645 0.007035 5.256133 3.074533 5.361359 2.017101 2.421387 
2.736701 0.838854 3.110910 2.242683 1.431994 4.780914 4.499417 3.911309 1.059714 4.373470 3.561665 1.372513 0.318814 5.521081 1.115919 5.164339 1.407001 1.782373 3.873022 
2.594524 2.086822 1.198630 4.761203 1.289840 4.697206 2.412490 0.494076 3.241375 4.552563 3.485602 4.741125 0.204715 4.420859 5.110294 1.271000 2.102287 
2.700601 5.938068 0.694499 3.896166 1.115935 2.792934 2.036644 5.447713 0.817903 0.232370 3.340499 1.167556 0.518706 4.564854 1.403484 0.700092 
