6.221434 0.999999 10.312404 10.670959 11.211096 0.058855 
6.547888 0.933206 9.724030 10.631136 11.434921 0.155023 
5.683678 1.228229 10.307296 10.778108 11.444855 10.614724 1.101203 
6.025293 5.731988 10.085962 11.107667 11.011993 0.277041 2.096025 1.205633 
0.558953 5.516121 0.072822 10.607926 10.920672 2.063537 11.418400 0.286861 0.521792 
0.148121 5.646403 0.182126 10.681066 10.973662 1.515787 10.728542 0.599302 0.908946 1.532371 11.241139 
1.561635 5.976501 11.403674 0.094992 0.134380 0.539852 10.566612 11.007907 0.292718 10.372500 
0.616436 5.899500 9.840081 0.202991 0.019623 11.409937 9.937141 11.325628 0.319362 11.155569 10.985978 1.540196 11.355103 5.899740 
1.179880 10.754506 11.336681 0.409653 0.203425 11.384121 10.350057 10.027823 0.508847 11.195768 5.918289 1.979202 5.023647 10.664735 
11.408781 4.932439 0.515645 0.408869 0.894228 10.726449 6.032404 9.530915 0.606100 10.715798 7.374689 11.435533 7.439910 10.462709 10.391951 2.293289 0.513223 2.089934 
8.856097 0.025466 0.906541 5.874959 2.718752 9.680108 9.213760 10.492243 10.882492 3.732035 8.177893 1.825958 4.778101 10.180706 9.993167 11.318187 9.466576 10.618832 4.270699 11.487124 11.499106 9.079580 5.274929 0.858098 3.325127 3.075104 3.743307 2.249307 4.107615 9.391295 2.792779 3.549468 
7.295970 3.798647 1.299282 11.242481 4.423039 2.058765 1.847897 8.201295 11.002063 11.015935 0.387795 0.444432 2.859154 1.124731 11.295336 2.809307 0.782488 8.880323 10.684277 0.213900 10.396041 2.673788 1.087386 0.837861 3.750617 8.716536 11.254478 1.882680 8.803150 6.573315 0.854360 5.376154 9.947257 9.455752 9.994157 8.802216 3.255727 9.215487 6.479928 6.514326 5.568329 2.419409 4.650208 4.581498 8.466148 1.360848 10.248520 1.870891 
10.593261 2.314002 6.488378 1.177706 1.416680 2.375088 10.733623 9.956433 0.726039 7.903690 6.962186 5.937380 11.315700 10.860438 9.435934 9.109218 1.364774 8.717678 1.020317 11.366114 0.855072 9.093384 7.677216 8.310529 4.734349 6.916659 9.256712 7.235721 2.676829 0.707251 
10.031378 5.789511 9.022668 1.188009 11.063161 10.246875 10.755562 7.967044 7.185000 8.712379 11.423708 0.579201 9.331063 1.198371 1.168197 2.934579 2.907365 4.744905 1.058297 3.110782 9.717250 4.768087 6.668186 3.460986 9.658520 5.330059 10.445329 11.413742 9.473007 1.288503 7.189843 2.477820 2.294490 0.607678 3.384187 4.989260 6.484345 7.260690 
11.221594 10.472082 2.094849 1.378883 11.420173 9.119686 10.577454 0.885168 7.982310 7.826277 9.743142 9.865562 10.291927 11.438777 4.227048 3.987424 5.664528 6.813438 1.790689 3.140381 0.378192 1.427905 3.359877 9.360781 4.563863 2.579713 1.832541 7.651353 8.381593 4.804472 
1.057220 2.484385 0.363860 3.679210 3.760975 7.512126 10.894021 1.203641 1.685071 3.063352 9.376035 5.666162 4.490940 11.441675 11.261424 2.280934 2.187920 2.317920 2.413670 2.619268 9.146366 6.688482 8.991320 10.329304 11.418309 9.523939 2.800513 9.831010 10.703469 4.223998 2.374720 6.939451 8.991173 3.389956 3.889196 4.673170 
5.965358 9.599512 10.413361 1.418987 7.646804 0.885370 5.172138 11.246397 0.332134 11.439393 2.995000 1.067715 0.572667 0.805851 3.134070 10.248483 5.399217 9.656541 3.069270 10.441495 7.356721 8.811431 0.210835 4.175807 0.254292 1.753501 9.238916 1.785526 1.969020 1.358746 1.454601 
6.341646 1.871281 8.894229 7.683562 2.367269 1.998119 7.227376 11.103423 6.515802 1.956915 4.548032 10.390484 3.108774 10.468935 2.757564 0.450758 8.624415 1.474685 10.644453 9.919112 11.216391 3.666450 9.181279 0.920188 1.926054 1.520006 2.270037 2.091015 7.741628 0.330900 8.635978 7.605708 8.006466 11.473338 1.801628 1.430734 3.110494 7.831724 9.102720 
0.408683 0.429407 2.547798 5.688787 9.473476 1.034834 8.582599 2.331933 9.492951 4.996333 10.273191 10.528296 10.748117 0.348756 10.130016 1.469695 0.233901 3.187282 7.723869 3.520727 2.066164 4.159965 6.336543 0.328480 3.038263 10.818476 9.115864 8.463521 0.105126 2.717449 7.746218 4.037544 8.160614 10.769442 
8.683281 1.235934 8.945463 0.629285 5.749190 10.260354 0.330851 0.683909 5.428792 9.199449 10.754652 10.125316 1.309533 9.312487 7.169120 9.866640 1.661128 1.645567 0.318420 7.302269 1.575289 
9.601284 10.180616 4.406981 0.082513 8.848305 0.425755 9.672480 0.677506 10.153665 9.281068 11.238862 9.148796 9.402620 9.288096 0.969516 1.481698 10.061547 6.072560 6.172413 5.781457 10.702824 0.599235 2.295717 9.758851 1.940684 8.626774 7.480477 0.091301 5.849086 10.947988 1.458464 2.842631 5.726692 8.039493 
6.603185 10.333446 0.898591 3.365576 4.823234 0.372609 0.569047 10.752373 9.866190 1.107316 8.774032 2.068772 11.399777 9.393747 2.140815 9.207856 9.865875 9.846715 9.513489 4.019767 11.472935 8.857249 11.182333 0.673616 0.443798 10.159888 11.284254 3.031273 9.972202 
8.487992 9.966233 8.661605 7.114968 2.847022 3.023833 3.541655 3.372820 10.634366 1.116653 4.225271 10.807223 1.556494 2.497646 5.077629 7.513322 4.475044 9.316291 9.576618 11.154548 4.398457 9.115520 0.827646 3.432436 0.112838 9.478888 2.593200 6.786492 0.854002 3.508826 0.733066 0.764954 10.958419 2.350766 10.678967 10.946854 
5.973813 0.247841 9.221408 1.958320 1.110978 2.784627 2.314140 6.360612 2.844852 10.849634 2.575108 11.197325 10.784359 9.621986 3.705754 10.481047 8.707158 8.742574 6.968263 2.889225 10.611164 1.017642 2.204530 0.216339 9.025983 6.700126 9.874895 10.908898 
9.973540 9.347335 1.887819 4.161971 5.713849 11.454076 6.582649 11.211559 4.873213 1.298845 5.253370 9.020915 3.908685 7.592500 11.242491 10.776241 0.682495 2.450247 10.455047 7.913636 11.141756 2.168366 0.723212 2.259669 5.815934 2.575254 9.251879 11.358822 11.314277 8.062040 2.562258 0.931982 0.998921 9.204568 1.003044 0.493323 5.551343 1.320487 0.508940 0.209279 
1.349048 2.400355 2.788335 6.711847 10.650700 2.407733 1.733242 3.553748 3.997977 3.663585 7.654014 7.391367 10.169688 9.953115 2.151430 10.337798 8.897300 3.640860 0.908733 7.388554 10.269336 9.074075 1.433560 8.090414 5.442109 11.072568 10.988442 2.842829 0.866917 2.824726 8.305734 9.170011 2.071950 10.388398 10.721437 0.743979 7.467650 2.671355 6.377003 8.777538 10.339623 7.676986 9.881067 3.245313 10.363829 3.900795 0.554978 
8.659134 0.514142 10.114247 0.080939 9.284157 6.266644 1.436812 2.212630 11.111082 4.128214 1.113432 4.555794 1.081300 11.039725 11.079844 7.483902 8.997563 7.423287 2.639630 7.775295 10.756660 8.826343 3.775851 
1.215364 9.916040 1.586038 1.048864 9.528744 9.468904 10.300290 8.882702 8.436959 1.776713 10.185000 3.120757 2.330949 10.433925 1.476006 7.374379 1.573979 8.891389 2.323631 8.695095 0.813662 6.062393 6.901660 9.306616 9.015293 5.138342 10.633042 7.556932 5.550998 3.768151 10.591559 7.447447 8.427580 1.434624 7.623648 
11.426387 8.655482 2.091649 0.610709 9.661570 10.325111 2.533062 5.838625 11.314170 1.539383 7.731539 1.236227 3.354318 1.215582 9.184081 2.640174 0.123515 7.891154 10.257471 10.875961 8.488721 10.217849 0.160449 9.580593 8.942113 7.210841 0.460847 1.830047 
7.223818 5.876094 10.152041 9.214813 11.371540 10.422194 8.914109 4.914663 2.578993 2.540658 0.654860 2.422799 10.930897 8.573759 9.679287 9.206905 10.806112 0.802006 8.965412 9.647800 4.344194 1.768404 7.304742 9.157262 9.591119 11.359858 1.370619 1.250099 9.691282 4.226486 5.748967 9.942694 10.917495 4.118970 10.270966 
3.262788 6.796535 9.919040 8.235307 4.103084 1.719620 1.535311 6.261970 3.484598 11.292166 8.667564 10.833314 10.401112 2.980434 3.313253 8.993728 4.448698 5.000812 1.235588 1.556560 4.011417 11.393543 10.531112 9.391586 3.143944 0.035542 4.331061 6.530923 3.305738 8.891651 9.555138 10.185188 5.951297 11.224174 1.164605 9.845625 7.673222 4.434973 6.755238 6.598943 1.400750 3.307820 9.786545 7.423724 
3.992241 8.545894 3.308244 1.621184 9.891473 10.273934 1.574840 0.350986 10.879033 8.505602 11.439335 5.686342 9.650853 3.649024 2.350595 9.933535 0.673587 8.880584 2.656301 7.199066 7.357817 0.385158 0.999283 1.699725 9.743156 1.469398 7.922904 0.458428 0.880043 0.549892 
10.159544 5.567991 10.361484 8.526050 0.533560 1.683022 9.139172 9.711555 3.024167 11.128749 10.545485 1.222452 10.943933 1.284864 7.585709 7.113881 2.436097 2.205036 1.170028 0.835116 7.069499 0.406228 9.723383 3.055109 2.226086 1.737337 10.919338 1.710980 
7.875369 10.422932 2.875100 3.292083 11.470616 11.161761 1.003736 3.588987 1.220827 6.276856 10.636531 1.054769 8.884390 0.175402 3.130470 4.638620 11.397336 7.714459 1.185096 9.875198 10.197041 2.615523 9.875791 10.655863 8.319778 2.772275 4.012953 7.562922 5.730175 4.110997 0.941559 1.217169 5.906944 9.212922 3.775286 3.211654 8.904246 0.512933 5.548468 8.638219 10.696617 3.270346 3.344320 3.606317 3.735343 9.762667 9.573517 
8.922655 7.875396 10.173789 10.804275 11.155024 0.380060 9.091919 1.441257 9.129400 10.547937 1.163922 0.952515 1.105411 0.803356 0.288702 9.009763 6.904056 4.956679 11.444967 2.593080 10.640427 3.682698 10.739670 
1.242127 9.997499 10.267062 0.865475 9.053668 9.597482 10.362352 9.291938 0.893075 0.894916 0.013939 1.136934 2.781787 8.146409 0.678570 7.047701 7.611072 5.972405 11.477187 10.214526 9.561494 10.923832 10.086815 
10.215874 9.729160 0.614711 0.841268 9.935311 10.176868 9.535381 6.584116 9.442932 8.666872 10.221266 0.986956 0.677537 1.644834 10.137546 6.574085 1.081529 9.147024 0.592790 1.175565 
0.329372 11.482774 2.290640 1.281304 0.175303 10.859602 5.283361 1.539678 9.434156 9.586266 6.408720 10.118996 10.686510 11.012405 9.402684 0.723466 7.509020 10.175315 11.265661 10.284094 0.887409 9.089451 10.829666 0.161377 
2.823228 10.016375 2.535434 1.199956 10.503598 1.194195 11.328621 9.979905 10.488545 9.160922 6.226809 10.288121 0.618997 6.475632 8.273225 4.093612 0.987756 8.990181 0.065821 10.390800 2.081562 1.255932 9.743563 0.379525 10.555482 11.198386 0.478625 10.827711 11.180836 7.492670 
2.522386 1.208640 9.151238 8.219965 10.119774 1.717341 9.609593 1.372153 10.057651 11.321321 6.344355 10.193426 10.510858 2.221308 1.333934 9.661290 10.765608 6.494280 2.845989 9.710695 0.315581 0.862846 9.997627 6.277533 5.002712 10.075283 6.915766 0.415841 
7.433121 7.235160 11.424666 2.204133 1.807359 6.565406 2.794022 4.167150 9.795298 11.287314 9.760419 2.792076 3.536928 2.432414 9.709176 3.753785 10.414075 10.204801 2.725656 10.672099 1.726411 6.091694 2.590470 10.486139 4.988621 1.991008 
10.207638 10.967865 10.066617 10.964415 1.896144 5.485414 6.171348 2.756383 1.582563 3.094052 7.690483 3.464327 2.433201 2.343227 10.316827 10.539914 10.356467 1.923355 9.263797 3.298416 3.015595 10.322281 8.581532 1.191966 11.194344 0.719835 4.105054 3.551530 0.923936 10.431928 1.765448 
0.605765 11.276789 0.889266 0.509798 10.551855 10.942468 11.244258 5.518908 1.932462 0.156456 4.876341 7.719511 6.094985 0.637671 9.079378 8.655980 8.253104 9.042103 4.722003 4.997988 2.473950 8.532288 10.517335 10.650011 10.284128 
5.313732 0.233807 1.677613 9.261938 3.445986 1.093644 11.277837 10.559609 8.226726 11.208818 7.153531 2.712587 0.388128 10.612117 2.560827 8.961658 1.600556 0.571450 10.913622 7.827584 8.915660 1.404677 6.086362 8.587209 10.854156 8.742822 0.430071 11.173159 4.639659 9.850801 5.850327 11.331518 2.504512 7.140126 2.975832 2.906713 6.451567 4.604203 
3.926187 9.850039 10.676540 11.332510 0.721643 2.189813 0.871514 10.272936 1.745323 6.377913 10.014577 1.831654 9.094405 5.093597 2.669523 9.390783 9.362815 10.494233 11.238161 0.622180 2.625135 9.778693 11.227488 8.217294 10.621756 4.292474 3.644513 10.624287 5.570490 
1.622339 7.403878 11.431837 1.294162 5.863358 0.584190 9.893055 11.338528 1.502654 11.216863 9.411291 6.390203 0.961205 7.165840 0.146002 10.257195 9.560154 10.424414 9.961297 2.980465 9.834837 1.498205 6.594736 9.950927 10.343822 9.263972 3.379148 0.878849 3.983729 2.377974 3.617519 0.495497 
11.002619 9.527334 2.988725 10.390795 2.505566 9.420261 9.695628 9.172801 1.130571 6.747193 10.462422 0.703038 8.863553 5.322615 3.707358 5.858308 10.250653 1.123740 0.612630 3.628767 8.842971 9.712663 9.280895 4.980812 11.155127 0.423155 7.090312 11.273699 0.496548 9.460520 0.171143 2.055165 2.469797 3.214988 7.516388 
2.512216 10.635480 0.161042 7.717579 4.084604 7.291382 6.199271 0.033354 8.801614 11.017882 8.588052 9.562956 9.824357 2.446029 3.367955 5.680511 0.817069 0.307609 9.021947 1.225509 6.560184 11.434930 2.638741 2.315832 8.080451 11.152133 9.037875 3.903833 8.766694 0.307706 7.877821 5.550841 11.390528 9.976953 5.096009 8.887262 1.824122 3.578646 9.698557 3.702219 2.651489 1.748253 8.985656 
10.050813 10.198941 2.086064 1.616960 4.608444 10.655396 1.851854 0.830467 10.597686 8.706896 0.160178 10.052061 7.327076 9.352351 8.811673 5.876414 2.336212 11.284744 0.711442 7.760851 11.151701 1.811399 8.424297 11.296567 11.114991 5.497335 1.133758 10.749014 5.906362 11.322076 
7.295405 1.100596 6.882102 5.597282 1.233150 10.012509 2.370477 11.337904 10.811049 0.433078 11.060758 5.934384 10.283312 2.685496 9.749045 2.092063 10.054076 2.757305 2.127603 1.029188 9.223621 2.876579 1.512591 11.164632 3.294620 
10.800631 10.120854 9.970965 10.390167 7.005224 9.893684 0.678121 2.067597 10.798039 0.906903 10.116813 10.862156 9.684123 10.089676 1.586016 5.590270 6.245773 2.976162 9.488929 4.300207 1.573784 11.112291 7.475416 2.972676 10.516920 
2.673773 2.285262 3.011527 1.787365 0.710286 9.965954 8.845502 10.561994 10.324219 9.484691 11.137286 9.059032 2.767083 7.004333 9.870791 11.473273 1.199549 7.754726 5.198557 1.913101 1.455822 2.639050 1.026422 8.948508 6.282612 8.230649 7.369176 5.391067 
1.140542 10.546218 2.895234 0.546580 4.048740 9.995665 6.411618 6.450729 0.578900 10.251634 1.002152 10.168838 11.466546 9.448387 2.444636 1.215477 0.377029 10.191624 10.804968 11.435017 4.894858 4.348659 9.560646 7.294055 2.759347 
3.437339 0.865075 10.668383 10.694675 2.853964 9.924791 6.867698 3.208617 0.409074 1.090312 8.195765 8.878338 5.801778 10.823368 9.449176 10.273530 1.932154 1.103176 7.759675 0.912965 11.374909 6.161489 0.984557 2.890650 10.181683 0.808388 11.369136 4.731878 2.472544 1.585456 9.277083 3.871214 1.519940 2.246187 1.109582 10.283859 
0.784632 0.155072 9.358375 1.801034 6.922269 9.984227 10.879851 3.146734 9.003287 7.920901 1.312258 11.462901 5.186436 5.809197 0.734668 10.523499 11.334963 10.308096 4.456907 2.111681 10.449806 4.798350 1.579427 9.667375 1.074356 1.752293 4.309412 8.242374 9.894577 0.957629 8.719840 0.969626 4.268181 3.002010 
11.395846 5.249281 10.478455 1.478131 10.316116 10.166368 5.292174 0.030879 7.481422 7.592671 9.205441 1.652126 1.368658 0.403485 5.730991 4.107555 8.931250 11.378265 10.277363 0.898038 10.909588 1.687319 10.457056 1.566326 0.165644 10.268760 0.455011 8.936383 0.402753 3.536848 9.059867 3.615058 6.501898 11.431512 0.663339 3.257264 2.098294 2.542208 10.725285 0.633553 6.024455 3.669655 8.090323 11.127463 6.061881 
10.338399 5.277948 0.029429 9.783704 5.468971 0.585639 1.807112 11.459941 2.547478 3.621730 7.509162 10.198788 11.165529 9.912252 10.282483 8.681540 0.313922 3.110086 9.701384 11.065064 9.134412 1.979413 6.540718 9.952880 1.167083 3.490622 0.060744 4.141066 4.176298 0.942894 2.596204 7.280775 3.862347 1.874981 10.794506 1.960590 3.088631 4.122867 0.350288 10.548546 
11.329033 8.562947 5.233349 0.116849 10.455709 10.342286 8.685752 4.379576 1.288293 9.521376 1.156968 9.966727 11.235017 11.061407 3.403978 4.072643 0.728908 3.610463 1.220547 10.708741 7.985547 8.816677 5.401732 4.491814 0.269123 7.273614 7.471445 2.972993 2.699145 9.622875 0.890451 0.038475 2.002394 11.072214 1.062450 10.742851 9.731448 3.094164 11.278119 4.430942 
9.864752 10.579511 3.252536 1.711650 8.738013 1.617039 11.379895 7.248113 4.807939 3.540491 1.729067 10.021730 10.494246 6.518768 4.037933 1.743464 9.110942 1.479502 4.647700 7.276291 10.517600 2.921898 11.181573 10.373299 6.572759 6.594134 4.883595 4.395595 7.542901 0.145060 8.967410 11.469558 8.691940 9.205681 7.523336 2.742651 9.824864 6.192317 3.899120 
10.803514 1.073680 7.619147 5.048047 3.252972 8.531281 7.014740 1.892713 1.054579 9.822212 9.942582 9.625273 2.983403 10.875693 0.053142 6.113592 8.905038 1.729685 7.604709 4.111895 8.475573 11.309026 8.730374 7.527453 1.680102 11.473371 5.032404 11.363401 9.929969 8.028269 2.841902 9.506918 4.506813 2.985842 2.204627 4.386165 
7.107835 9.769282 10.930121 10.570803 0.654464 11.450725 4.019390 1.701519 11.428609 8.593666 1.101202 0.980589 1.413367 10.503148 10.730585 10.828273 8.965825 1.553365 2.561312 5.222405 0.764762 5.922001 0.639237 11.295738 7.802634 9.163365 10.046436 0.599412 5.368733 1.278337 10.445313 
3.377399 0.205101 9.165383 10.399658 1.387473 1.421176 7.792013 1.769632 9.541330 10.516895 11.046955 10.112886 9.373593 9.821340 8.288390 9.041861 9.196735 8.972063 0.828821 10.768429 5.406410 8.402364 3.196300 1.977260 4.028547 1.279250 10.233610 6.730273 
0.578756 7.529689 10.060928 5.850675 6.413788 8.588400 0.708925 2.033863 11.275227 3.284630 5.590401 0.159821 0.976246 10.486786 4.677096 2.673335 9.339216 2.153099 5.607132 4.441059 8.989083 9.282122 2.502219 5.592688 7.114949 10.671838 5.320866 1.178550 1.444370 0.830099 11.370523 3.155304 2.544680 1.459992 
7.108962 9.330211 7.849841 9.117224 0.774412 10.692189 11.487200 10.785173 7.476769 11.496876 10.631261 9.501656 5.172905 0.876670 0.152238 1.315885 6.615635 5.246302 2.850121 2.241473 0.176104 1.079369 7.626654 9.233449 7.998988 10.589810 0.349783 6.281379 
7.303414 2.964480 9.971349 0.521547 8.543915 0.950422 6.129713 1.921588 4.126300 2.950753 7.310750 10.416048 5.209905 1.044098 10.494015 8.820121 4.260450 4.072509 0.105190 5.852804 3.130970 10.681120 10.844992 6.963230 9.274994 11.492508 10.224081 2.022382 2.194265 9.124898 5.341568 3.902924 
10.975838 6.412788 8.346114 8.792915 1.913542 7.730317 2.392785 0.295738 6.825273 5.140322 11.272977 10.802761 1.112079 10.480281 9.580936 9.908652 11.104040 9.041217 8.693059 0.739359 0.872624 
10.116963 8.503935 0.930018 1.589070 8.294582 9.145216 10.326418 10.402040 6.257041 1.075966 2.393174 11.210915 9.982071 9.536850 10.764987 3.953783 0.406383 11.115054 5.518573 10.806387 11.291863 5.890278 9.844080 8.007900 10.970877 8.557080 1.162963 2.796843 5.231301 3.200598 10.760055 7.378475 4.563755 10.953225 
6.069863 8.119925 11.080945 0.977573 5.092899 9.719609 8.758833 10.936647 0.224798 0.814803 10.170639 0.620456 0.173813 11.352152 10.686626 10.500517 2.466619 7.619862 9.294037 2.378110 5.282055 
8.881779 5.840252 10.807965 6.077372 0.811505 0.984086 10.265227 0.648417 0.410693 8.915497 9.479369 2.871362 8.781527 10.920798 8.878415 8.278407 8.152744 0.380062 10.588139 1.085139 11.401313 0.095324 8.903133 2.583876 11.017923 6.440285 
10.894885 10.086426 10.794406 0.575609 0.462742 11.274608 9.566564 8.519551 6.855615 0.842610 0.217969 9.847850 11.273791 0.343520 10.700247 0.559501 0.503834 4.605557 2.852289 9.162521 11.460892 0.433933 9.653157 
10.973910 1.153265 11.132833 0.165973 9.964975 9.513933 0.501698 7.564336 6.558521 11.394579 9.253514 1.763253 7.446386 11.356174 10.613073 0.851092 10.188026 11.076085 1.842672 6.885482 0.331677 
11.392461 0.262854 9.780066 8.825146 9.921442 10.855902 0.277151 0.758262 6.742258 8.770736 7.576322 1.180945 2.375956 10.085575 0.245306 0.546640 11.472343 6.371224 10.653120 10.411288 9.694166 6.381565 8.058450 
7.768967 0.625138 2.580233 9.640036 9.914087 11.400768 0.186406 7.547440 6.842696 9.816408 1.200590 0.464979 10.374051 11.472691 9.897938 1.115018 9.449825 10.275422 11.456577 5.941360 9.688999 
6.675088 0.312631 2.709125 10.220662 5.197899 0.019060 1.092141 0.676965 9.742831 9.411617 0.391081 0.133215 8.115948 10.180206 9.185586 10.037435 0.743539 10.312378 9.482004 9.394197 2.036483 4.337721 5.596288 11.453995 8.281631 
5.920448 9.934731 2.658145 6.692169 7.889748 1.157107 0.966804 9.988283 10.743523 9.118834 0.831252 8.582926 0.890728 9.205658 10.915974 9.830814 9.544330 9.036442 1.408858 6.365507 8.692243 0.405779 7.341068 0.030031 
9.789319 9.168780 9.408680 9.600543 11.224592 2.220426 2.229586 9.360504 11.495447 9.223085 9.161800 8.588502 4.468009 10.574591 0.390853 0.661202 0.837181 5.415083 0.758888 1.136385 0.560276 7.250538 11.425360 8.694990 
10.894170 9.598840 8.150016 9.601170 0.791773 1.966165 10.070224 7.100714 9.897961 9.070452 9.624530 8.840357 5.894798 11.356581 1.460950 1.789686 9.190653 0.183963 6.114548 0.601753 6.469073 0.807461 10.635917 
9.175757 5.924593 10.671471 1.824736 5.361750 8.535069 7.360257 11.212616 1.471987 2.078865 9.165219 2.552992 8.176296 11.126559 1.132208 1.209967 10.192308 7.811766 9.570386 0.256767 0.470550 1.989432 9.843966 3.584436 2.316160 6.576410 5.989767 6.908962 
0.356972 7.716406 4.347424 9.986905 5.305494 8.545165 11.094942 7.377215 9.604971 2.587401 9.393714 5.754617 0.047975 2.070426 2.707829 1.943160 0.120175 3.255678 1.101123 2.269318 0.633785 2.959031 7.909167 9.898795 0.234397 10.786520 9.951491 0.558183 
0.225339 6.693002 7.688133 10.063489 1.770735 8.694210 2.433563 10.011250 9.854394 6.347855 0.476707 8.813338 9.197646 11.054075 4.382468 1.086891 0.949516 8.008790 2.621337 1.284882 8.326270 0.657737 
4.746067 7.294998 8.231236 5.012723 9.092221 8.698312 2.962044 9.870128 9.652787 9.339420 1.735110 0.685037 9.172928 1.348381 2.272429 1.078539 1.099562 5.578220 2.954352 3.309570 8.571094 0.325780 1.922725 
3.011300 7.283541 0.675226 10.054041 1.960589 2.169775 3.255826 1.428098 9.828032 0.753631 1.275804 8.846617 9.240964 0.968794 3.883582 7.901864 5.906966 8.704921 8.417942 
2.472543 2.471982 7.012393 8.313632 2.640339 6.386475 1.757608 0.039795 9.809483 0.270981 3.833463 9.858135 3.826953 9.163250 3.893727 0.240521 9.266940 8.730451 2.771006 6.493596 4.358892 1.334245 3.055798 6.927516 1.578454 1.103512 8.500518 2.416331 1.433909 1.491543 10.839222 1.667012 
6.609041 2.274699 6.980868 0.943787 8.415080 2.367655 9.688423 2.850366 8.142283 8.935363 7.384069 9.176212 1.958202 0.838212 3.890954 0.758974 8.124471 1.001009 9.832605 0.505952 3.165394 0.020800 7.571888 0.710083 4.523688 0.303491 8.471939 
3.452137 2.789430 0.136943 3.587624 8.436645 3.600873 9.312850 7.803322 3.590804 2.821336 0.892406 8.987756 5.573818 1.303689 9.553433 1.056175 8.496349 0.281574 1.215566 1.341493 0.016797 1.193588 8.276074 7.645608 3.523200 4.454801 0.468789 8.455621 0.744657 2.533885 2.268481 5.257721 4.390764 
9.007461 7.803147 0.106829 5.368229 8.468178 1.377557 8.999598 1.121025 11.425754 7.875559 2.332981 8.781089 8.455453 10.476424 4.834762 4.919977 1.947286 9.610606 9.512718 1.097422 0.395902 0.771993 6.922453 7.839917 7.531349 10.582011 




