1.013062 1.026012 0.919872 1.059773 0.993290 1.023092 0.976069 0.796042 0.914083 0.944355 0.971113 1.035130 0.929663 0.839999 
1.013864 1.035835 1.061283 1.071728 1.012447 0.942875 0.972420 0.827881 0.972512 0.953082 0.989643 1.049358 0.972524 1.137957 1.017804 
1.010335 1.010677 1.030134 1.065892 1.019257 0.898725 0.972440 0.800600 0.960075 0.940242 0.952158 0.861834 1.080383 1.005657 0.888082 1.143459 
1.003794 1.014665 0.967595 1.049758 1.006502 0.905883 0.976828 0.839542 1.009781 0.971194 0.894638 0.939345 
1.002687 1.018784 0.975241 1.049769 1.004680 0.795445 0.984557 0.890299 1.032652 0.951939 0.906903 0.887461 1.238952 1.169210 1.094510 
0.983960 0.985379 0.939935 1.036115 0.984677 0.805908 0.953412 0.868790 0.996783 0.954895 0.885490 1.016892 
0.999133 1.000226 0.947056 1.047755 0.989136 0.830028 0.956784 0.883119 1.005239 0.960308 0.875881 0.804762 
1.014958 1.007511 0.955027 1.050482 0.996030 0.802684 0.964849 0.889907 1.006405 0.965441 0.899103 0.864495 0.849120 
0.991630 1.001070 0.955607 1.045111 1.009930 0.819598 0.993473 0.868395 1.006828 0.958146 0.910817 
1.023545 1.011327 0.983961 1.057200 1.015155 1.008764 0.999762 0.926140 0.870957 0.991694 0.898250 0.808053 
1.026958 0.999016 0.865008 0.950180 1.009145 0.915480 0.997320 1.062326 1.027766 0.965048 1.048538 0.808140 
1.027649 0.985714 1.025959 0.954353 1.010121 1.107057 0.993241 1.071653 0.913514 0.934340 1.061254 0.808267 0.921238 1.023177 
1.048661 0.989674 0.795882 0.954006 1.015301 1.034088 1.012703 1.053598 1.013303 0.945731 1.075931 1.029062 0.908687 1.017322 0.879083 0.825448 
0.855414 0.979437 0.816598 0.947673 1.007999 1.033958 0.983904 1.054128 1.006976 0.946372 1.026186 
0.910071 1.037375 0.796835 0.974592 1.020618 1.010506 1.008105 1.058286 1.010682 0.951613 1.239208 
0.929440 1.060772 0.824014 0.961104 1.023549 1.030010 0.990650 1.082806 1.025821 0.984098 0.988675 0.926133 1.145318 0.902755 
0.938785 1.066389 1.050784 0.965139 1.030460 0.825864 1.032927 1.088590 1.033051 0.986083 1.017129 
0.889593 1.080537 1.066179 0.965242 1.044167 1.053031 1.017737 0.840377 1.031360 0.980971 1.012814 1.041332 
0.991081 1.082173 1.045981 0.935209 1.052466 1.051126 1.026675 1.071453 1.022181 0.968067 1.013587 0.957148 0.859828 0.876375 0.801190 
0.853291 1.080561 1.005643 0.895791 1.037876 1.037239 0.974694 0.797608 1.022036 0.981634 1.050133 0.936902 1.019579 0.956204 
0.936996 1.095514 1.024029 0.957914 1.040824 1.056973 1.025039 0.823417 1.021068 0.993679 1.044392 1.064240 1.011480 
0.918547 0.966617 1.022697 0.940398 1.059876 1.060071 1.003553 0.844354 0.969379 0.988309 1.055438 1.075529 1.011485 1.092910 1.134701 1.099414 1.190117 0.931109 
0.863581 1.108881 1.036823 0.953949 1.061252 0.987225 1.042572 0.808164 0.998917 0.979227 0.867614 1.090010 1.067798 1.068894 1.052354 0.924450 
1.062721 1.114844 1.043216 0.941936 1.008379 0.931976 1.004257 1.034986 1.088428 1.006694 0.834438 1.079704 1.078026 1.023799 1.052305 1.069083 1.187753 
1.073357 1.100298 1.032092 0.944375 0.940973 0.861168 1.044568 1.044613 0.846007 0.994748 1.049818 1.087674 1.078382 0.816340 0.938750 0.886441 
1.075611 1.126972 1.035505 0.957573 0.994275 1.025531 1.060713 0.901252 0.949596 0.845316 1.074369 1.098544 1.067475 0.848797 0.856377 
1.101059 1.134397 1.066141 0.990403 0.856477 1.013704 1.071308 0.811968 1.086988 1.033118 1.064153 1.113654 1.102375 0.986056 1.072630 0.932960 
1.105050 1.138846 1.055891 0.973000 0.846370 1.014146 1.054524 0.885643 1.100288 0.988646 1.089676 1.109583 
1.088611 1.124070 1.055202 0.975826 0.852397 1.020781 1.080801 1.083896 1.076043 0.908474 1.064759 0.954941 
1.087116 1.134888 1.052127 0.959246 0.912172 1.006801 1.068588 0.958800 1.084403 0.932024 1.066155 1.105775 0.827332 
1.014342 1.135244 1.058538 0.982582 0.865134 1.019717 1.068874 1.106231 1.083662 0.859275 1.083939 1.099876 0.972926 1.253977 0.982169 
0.932789 1.125876 1.045189 0.964232 0.925159 1.017165 1.052357 0.971976 1.079545 0.994932 1.074812 1.083986 1.180282 0.834716 1.092719 0.942967 
1.078568 1.120512 1.032913 0.975643 1.077946 1.003221 1.043767 0.821636 1.065224 1.000775 1.068415 0.960310 0.948835 
1.075587 1.106779 1.028973 0.969469 1.059413 0.991493 1.046478 0.849310 1.055513 0.927359 1.050539 1.002639 
1.062810 1.100949 1.037291 0.971652 1.073004 0.978941 1.013821 1.039442 1.050822 0.985177 0.828847 0.986631 1.046198 0.957830 
1.055705 1.111808 0.994309 0.807704 1.075702 0.991033 1.044254 1.039094 1.074447 0.995189 0.965464 1.061308 0.935974 
1.043131 1.111565 1.091457 0.992445 1.084090 1.021285 1.024797 1.029901 1.072447 0.839945 0.924964 1.074334 1.001252 1.035197 0.858094 0.880326 0.998423 
1.045862 1.117004 1.097282 0.999350 1.088582 0.997229 1.043653 1.056860 1.086062 0.865153 0.974724 1.077446 1.067651 
1.032104 1.112132 1.075200 1.070876 1.082738 0.991491 0.832970 1.035504 1.081928 0.941648 1.028845 0.958664 1.031265 1.075156 
1.042589 1.121155 1.089126 0.911904 1.104696 1.011244 0.809858 1.065216 1.090106 1.078142 1.090948 0.967446 1.061027 0.974683 
0.966347 1.136888 1.064239 0.997918 1.117607 1.011363 0.853375 1.058489 1.102105 1.083494 1.069586 
0.828698 1.132764 1.055783 0.896568 1.094221 1.021424 0.922599 1.057323 1.092497 1.098494 1.030475 1.046719 
0.824953 1.156298 1.067526 1.044051 1.115107 1.009203 0.958104 1.072267 1.102327 1.092901 1.059227 1.108228 1.018682 0.838261 0.904331 0.935355 1.115682 
0.819890 1.147148 1.054406 1.062012 1.105312 1.004960 0.917641 1.060828 1.087853 1.073921 1.135626 
0.824538 1.088132 1.023969 1.023866 1.078567 0.987435 0.909349 1.022455 1.057265 1.067646 0.977502 1.102953 
1.004823 1.042290 1.021139 1.009192 1.076825 0.985060 0.821206 1.042250 1.057551 1.057901 0.849427 1.102796 0.960637 
0.953858 1.037044 1.104912 1.023129 1.086339 0.983074 0.801025 1.046371 1.055292 1.058002 0.925094 1.054615 0.814850 
1.053686 1.043998 1.108879 0.964784 0.861853 1.002619 0.978630 1.084770 1.066184 1.062451 0.800545 1.063277 
1.033812 1.056289 1.112971 1.073661 0.896396 1.006175 0.810187 1.076671 1.075315 0.908427 1.018761 
1.040634 1.046479 1.103438 1.077233 0.985521 0.997532 0.962383 1.073120 1.076345 1.128585 0.860593 1.057653 1.116286 
0.998915 1.051558 1.043151 1.069007 0.865706 0.998329 0.921701 1.079676 1.090111 1.116918 0.954560 0.861033 
0.938934 1.065909 1.062516 1.065292 0.841101 0.993237 1.131539 1.100470 1.080410 1.102593 
0.931735 1.071587 1.080923 0.872401 0.899060 0.997068 1.115970 1.096358 1.086410 0.992939 1.129625 1.051057 1.095670 1.079907 1.113036 1.055633 0.912907 
1.143726 1.079835 1.077004 0.928366 1.004690 0.989144 1.139052 1.102608 1.082406 1.066907 0.854381 1.096623 1.104257 0.933422 0.947140 
1.070327 1.063550 1.058227 0.938374 0.811043 0.988853 1.103022 1.074496 1.077251 1.048540 1.094040 1.063044 0.924694 1.010490 1.048628 
0.851831 1.120468 1.056153 0.915057 1.104692 0.980150 1.095435 0.834243 1.096390 1.040026 1.098387 1.069406 0.827318 1.143374 1.035291 1.037825 
1.150666 1.055721 1.072951 0.941240 1.115086 0.979659 1.138368 1.090215 1.089096 1.053844 1.088901 0.892592 
1.082198 1.052102 1.058483 0.997213 1.110498 0.983156 1.134076 1.130108 1.093984 1.045239 1.073435 0.835650 1.097595 0.974679 
1.063671 1.109046 1.058993 1.075167 1.099552 0.980013 1.105466 0.942357 0.872270 1.046164 1.076016 1.067076 
0.997914 1.053370 1.061869 1.101619 1.117895 0.974511 1.142586 0.950164 0.819051 1.050612 1.069285 1.095660 0.823975 1.088138 1.125526 1.144236 
1.097344 1.054327 1.058856 1.091985 1.056792 0.971069 1.120332 0.990404 0.850974 1.042828 1.057091 0.861856 0.979935 1.078900 0.948770 
1.091321 1.042636 1.023553 0.908443 1.080105 0.989412 1.104750 1.090374 0.847257 0.895562 1.085143 1.029696 1.045415 
0.916257 1.051894 1.026738 1.078990 0.811469 0.999995 1.103435 1.048698 1.081017 1.099385 1.063627 1.073519 
0.949170 0.939723 1.059575 1.061147 0.875699 0.996083 1.109378 0.968712 1.000053 1.088464 1.102701 1.041459 1.041087 1.087476 
0.992367 1.101310 1.022822 1.039081 1.039345 0.991078 1.080455 1.062738 0.967894 0.879545 1.037850 0.896073 0.890052 1.017185 1.064969 1.068143 0.973953 
1.037894 1.058402 1.031791 0.936471 1.056820 0.998572 1.104675 1.072409 1.031275 0.837368 1.062904 0.980795 1.100290 1.031514 1.087751 0.965299 
1.041667 1.124824 1.035899 1.083530 1.039817 0.989150 1.104667 1.069226 1.057903 0.999037 1.081763 0.988155 1.055871 0.938731 1.072013 1.068852 0.826809 1.070494 1.083916 0.941209 
1.001312 1.014833 1.056066 1.061710 0.936809 0.986451 0.949318 1.093128 1.026761 0.890969 1.074438 0.911461 1.063324 1.051546 1.064010 1.134987 0.988082 1.127414 0.815544 0.952068 1.084115 1.046055 0.795535 1.011719 1.006124 0.937211 1.042714 
1.013045 1.044792 0.805432 1.041211 1.014522 0.971215 0.981240 1.071677 1.008809 0.907018 1.071089 0.985750 1.068064 1.035649 1.256624 1.070247 1.103939 1.064883 0.951354 0.918974 
1.032586 1.104411 0.810301 1.055514 1.000059 0.998210 1.063126 1.003897 1.051956 0.923048 1.083713 1.022462 1.051695 1.108620 1.074435 0.928981 1.065022 1.020960 
1.013589 1.093562 0.795840 1.051883 0.972393 0.880856 1.040693 1.036693 1.051295 1.089008 1.069657 1.014675 1.038691 1.052679 0.918128 0.969491 
0.996245 0.922763 0.814969 0.937621 0.989409 0.976690 0.966665 1.052793 1.058929 1.093359 1.071980 1.036211 1.053284 0.966808 1.056314 0.990744 1.009646 1.022209 0.899724 0.907214 
1.028318 1.092818 0.887076 0.796816 1.022386 1.063147 0.973290 0.932594 1.022535 1.069690 1.054181 1.065401 1.049188 0.989846 0.949986 
1.012528 1.027885 0.820189 1.061157 0.913321 1.064020 0.993115 0.983920 1.029335 1.094615 1.074592 1.060740 0.899187 1.080825 0.957792 1.060218 
1.014867 1.045064 0.805214 1.077369 1.087573 1.062061 0.990745 1.060032 1.030483 1.109531 1.086147 0.923871 1.164933 0.894029 0.967224 0.941098 
1.012216 1.022609 0.846968 0.960861 0.958970 1.051306 0.983036 0.983799 1.025996 1.107182 1.085727 1.062246 0.999524 1.055613 1.054747 1.116877 
1.012275 1.029304 0.839290 0.844190 0.960979 1.052567 0.978662 1.075734 1.032884 1.090975 0.873687 1.035289 1.068129 
1.018651 1.004290 0.846280 1.054137 1.122870 1.055481 0.987142 1.055351 0.994445 1.079104 1.069318 0.942793 
1.007989 0.825206 0.798545 1.012967 0.822508 1.047961 0.976503 1.072913 1.017228 1.067841 0.979339 1.041994 1.004462 0.951621 
1.007865 0.896371 0.849241 1.060621 1.009357 1.049810 0.990377 1.073865 1.032775 1.080338 1.054861 
1.047154 0.906743 1.073322 1.057964 1.040864 1.084786 1.006692 1.096498 1.053159 1.125532 1.117484 0.996508 
1.065864 1.014375 1.077526 1.049737 1.062499 1.085980 1.000947 1.109815 1.065803 1.034338 0.881951 1.088307 1.134719 0.938558 1.099669 0.974019 
1.052409 1.071028 1.076039 1.049651 0.959616 1.076362 0.981046 1.115951 1.066899 1.044472 0.889873 1.025825 1.125575 1.101690 
1.049079 1.089835 1.105736 1.058674 0.979774 1.046439 0.980581 1.111639 1.131894 1.102381 0.843033 0.910500 
1.070899 1.088075 1.106052 1.059149 1.091909 1.102549 1.014435 1.128243 1.138512 1.123732 0.993929 1.160909 1.104603 0.911064 0.853583 
1.061793 1.106497 1.125157 1.073109 1.112464 0.923875 1.005417 1.137533 1.146020 1.118970 0.894923 0.834622 1.066897 1.078154 0.827867 0.923543 0.814941 1.108539 1.194185 1.170304 0.962342 




