0.000000 0.067864
0.000000 0.050725
0.000000 0.040874
0.000000 0.073624
0.000000 0.062169
0.000000 0.205823
0.000000 0.152536
0.000000 0.093332
0.000000 0.059799
0.000000 0.064222
0.000000 0.063458
0.000000 0.135258
0.000000 0.113315
0.000000 0.102189
0.000000 0.093550
0.000000 0.076387
0.000000 0.111721
0.000000 0.074516
0.000000 0.053330
0.000000 0.070882
0.000000 0.054747
0.000000 0.045672
0.000000 0.049447
0.000000 0.141710
0.000000 0.075882
0.000000 0.052960
0.000000 0.073865
0.000000 0.089458
0.000000 0.059903
0.000000 0.098881
0.000000 0.072556
0.000000 0.051432
0.000000 0.101448
0.000000 0.118731
0.000000 0.043853
0.000000 0.054021
0.000000 0.071477
0.000000 0.039593
0.000000 0.086375
0.000000 0.143963
0.000000 0.185439
0.000000 0.259241
0.000000 0.065175
0.000000 0.112017
0.000000 0.050788
0.000000 0.113616
0.000000 0.157230
0.000000 0.052223
0.000000 0.144273
0.000000 0.074090
0.000000 0.157108
0.000000 0.274827
0.000000 0.065940
0.000000 0.073012
0.000000 0.116397
0.000000 0.091731
0.000000 0.061014
0.000000 0.053177
0.000000 0.094645
0.000000 0.043713
0.000000 0.115308
0.000000 0.145729
0.000000 0.071510
0.000000 0.082554
0.000000 0.063073
0.000000 0.057595
0.000000 0.055114
0.000000 0.025279
0.000000 0.084025
0.000000 0.145552
0.000000 0.085562
0.000000 0.056569
0.000000 0.099530
0.000000 0.044993
0.000000 0.097040
0.000000 0.058378
0.000000 0.067299
0.000000 0.070623
0.000000 0.092138
0.000000 0.212316
0.000000 0.168532
0.000000 0.039167
0.000000 0.076148
0.000000 0.059536
0.000000 0.059401
0.000000 0.059860
0.000000 0.040193
0.000000 0.083567
0.000000 0.051233
0.000000 0.043969
