10.166518 3.816298 6.043669 2.514759 0.155679 8.408250 3.945397 5.744171 5.842899 11.440440 10.109338 1.210710 4.743445 4.936634 
10.107503 3.816298 1.079113 2.514759 0.866375 5.581036 3.673514 6.915755 5.114635 11.425457 7.548545 8.751470 11.122211 4.738686 7.189090 
10.172281 4.067980 8.952256 2.545909 0.203074 5.626016 3.821858 5.771994 11.329474 10.608061 7.916293 5.360225 5.278560 8.865971 7.362805 4.685533 
10.019368 4.235545 8.508405 2.233636 0.939282 6.501847 3.845643 6.801119 8.220478 10.842827 11.210137 5.563616 
10.019368 4.097084 8.513607 1.989744 0.851421 5.452930 3.865664 5.793575 8.131256 10.508973 11.050385 5.563616 11.462837 5.144825 5.303483 
10.019368 4.097084 8.913818 2.279022 0.832697 6.680108 3.721905 5.392705 8.107098 10.508973 11.320428 2.955364 
10.019368 4.024651 9.043912 2.189630 0.299238 4.417750 3.953379 5.454070 8.255936 10.608157 11.407445 6.039598 
10.019368 4.245773 9.153332 1.707602 0.485014 4.953653 3.953379 5.835053 8.382075 10.608157 11.388574 7.077411 5.130010 
10.249966 4.245773 9.282894 2.081499 0.482794 6.145604 4.028405 5.020527 8.177029 10.608157 10.976838 
9.941836 8.345445 8.614837 2.667019 0.220832 4.590470 4.011214 5.511479 5.961083 10.608157 10.969760 5.736275 
9.122771 9.627302 5.803306 11.476459 0.220832 5.619582 4.122616 1.258140 4.944080 11.402165 3.699124 5.035356 
9.379341 10.127728 5.131959 11.032628 0.220832 5.765928 3.822778 1.336532 6.938482 11.362011 3.415347 4.563312 6.057145 9.622171 
8.855779 10.163279 5.420039 11.376630 0.210677 3.419767 3.953859 1.299879 9.235534 11.384840 3.001974 7.700960 6.565123 8.520854 3.538123 4.733378 
6.984266 9.597335 5.370177 11.376630 0.210677 8.067082 4.169072 1.262321 9.528914 11.181823 3.225790 
6.531428 3.308435 4.828125 10.710425 0.228192 9.191899 4.044263 1.262321 9.476956 11.250876 4.064450 
6.924394 2.703338 4.996860 11.111176 0.228192 9.785747 3.873819 1.299182 9.931103 10.876931 9.759638 10.522231 4.691755 5.053756 
6.314643 2.703338 9.288836 11.461848 0.228192 5.027802 4.014196 1.299182 10.077801 10.908511 10.215657 
6.126698 2.703338 8.439569 11.461848 0.228192 4.921635 3.955647 4.980551 10.198176 11.407129 10.557584 8.364991 
7.485379 2.351707 8.545680 11.496238 0.530456 4.284251 3.876685 8.839638 10.014586 10.841426 11.240294 8.053259 6.541979 7.422244 4.688701 
7.192298 1.975722 10.995153 11.496238 0.331646 3.444992 3.727984 4.598912 9.223790 11.276480 8.774339 5.423387 8.939375 5.316438 
7.136707 2.096864 10.995153 11.496238 9.305187 3.879393 3.801244 4.407407 5.871219 11.430492 0.730299 8.373170 7.971015 
6.972471 5.059309 10.995153 11.449353 9.677445 3.937764 3.689401 4.961269 6.923144 11.162300 0.443422 8.385485 8.028701 2.274990 1.015969 4.645771 4.200207 4.027991 
6.873647 2.098710 11.143011 11.449353 9.629513 4.501296 3.763209 5.793171 6.916857 11.480176 4.823640 9.136337 1.015969 4.368075 4.880423 5.612722 
5.009751 2.098710 10.722730 11.422517 6.622614 4.677406 3.880813 6.618634 4.367515 11.108739 5.627060 8.736805 0.602495 5.957543 9.890942 4.574622 5.943253 
3.877762 2.535948 10.722730 11.422517 6.378160 5.457953 3.842302 7.219080 5.206822 11.206302 10.225648 8.532479 0.145039 5.185387 4.861306 4.371114 
4.784388 2.059982 10.817885 11.422517 7.676362 10.600101 4.041470 5.086895 5.032242 4.901498 10.225648 8.883361 0.125600 5.091553 5.758307 
4.592170 2.529483 10.815542 11.422517 5.440485 10.912517 3.982134 5.084493 0.667435 6.831431 9.488945 9.260961 9.401829 6.151974 4.857298 6.055649 
4.747895 2.193253 10.815542 11.422517 4.784650 11.242594 3.954203 5.205712 0.701897 7.035934 9.903010 8.865846 
4.086883 1.842405 10.815542 11.422517 4.701966 11.264989 3.869026 8.322829 0.701897 5.856818 10.011912 7.316485 
4.249715 1.855113 10.815542 11.421116 4.216827 11.417385 3.902325 6.256269 0.006739 6.324308 9.637005 9.758080 4.653563 
6.743503 1.855113 10.815542 11.421116 4.373865 11.258547 3.801967 4.346710 0.006739 11.387346 9.857157 8.315732 3.859896 10.497132 6.422513 
5.849585 1.855113 10.815542 11.421116 5.312990 11.018946 3.904135 5.668725 0.063418 6.451552 9.238711 9.844864 5.432168 5.412327 3.592567 4.887383 
8.627903 2.318718 10.815542 11.365985 4.228513 11.341320 3.836050 5.698291 0.063418 7.308027 9.856865 6.336387 11.415323 
9.316803 2.318718 10.815542 11.206820 3.394325 11.033443 3.836050 5.362926 0.313254 6.039636 10.153316 6.606833 
8.699536 2.407387 10.815542 11.181172 4.213572 11.087995 3.599433 5.079210 0.918941 7.218786 4.803483 11.340239 10.402207 5.419115 
10.440647 2.074662 11.417428 5.733803 4.525889 11.311119 3.423841 5.279165 0.093135 6.336877 4.179473 9.970621 5.801611 
10.203938 2.322503 7.963389 11.186498 5.069484 11.000852 3.378045 5.174007 0.093135 6.875640 4.962061 9.970621 7.626200 10.627572 7.183407 4.351028 4.737889 
9.957754 2.024406 8.791154 11.084610 4.912287 10.942943 3.623056 5.230739 0.346770 5.506023 6.097044 10.865693 7.551478 
8.619732 2.365500 8.414443 10.248830 4.912287 11.227301 5.440769 5.230739 1.628695 5.318355 3.215796 5.988004 10.524431 10.071331 
8.512185 2.365500 7.741305 4.664466 4.447335 11.147910 7.342371 5.376117 1.628695 9.837808 1.744052 5.865675 3.494747 6.135147 
6.240376 2.365500 7.999432 5.699554 4.345291 11.433735 6.450476 5.294126 1.628695 9.231363 1.716691 
6.424385 2.365500 7.759998 5.698496 4.365051 11.433735 5.737468 5.064569 0.595796 9.183237 3.386821 9.021373 
6.940104 2.365500 8.266811 4.282198 4.365051 11.417470 3.275454 5.274119 0.595796 9.369983 3.227316 7.502000 6.679360 7.100478 6.421489 6.686526 7.286056 
4.943474 2.465859 8.085034 3.290524 4.365051 11.148560 6.242171 5.225605 0.667801 9.646492 2.618362 
7.899662 3.368981 8.013472 3.430054 4.326345 11.356817 5.928534 5.260234 0.048936 9.835048 5.609750 0.839199 
5.077924 7.914798 7.771891 3.487691 4.326345 11.400263 5.806351 5.133018 0.267452 9.748669 6.317652 3.020614 6.134053 
3.818959 8.028947 3.137250 3.956554 4.326345 11.400263 6.467092 5.201235 0.267452 9.670565 6.723612 8.576729 7.977788 
3.737473 7.819407 3.164726 5.758415 6.955566 10.994624 6.881623 5.551570 0.169110 10.217833 5.052048 8.237156 
3.834117 8.134873 3.326576 5.465396 6.409984 10.975768 7.177492 10.116515 0.115886 5.698021 5.895950 
3.893009 8.164907 7.698502 5.066788 5.993860 11.216369 6.001660 9.909774 0.115886 3.414092 5.788102 7.052242 4.457811 
5.921776 7.816278 9.691629 3.323081 7.083015 11.458986 4.085503 9.743998 0.684156 3.529275 5.666906 5.068225 
6.475066 7.573183 9.860093 3.961090 6.701629 11.458986 3.012746 9.444768 1.385357 2.175835 
6.405154 7.483958 10.414622 6.472115 5.626392 11.458986 1.953262 9.216175 1.551333 6.438794 2.434270 1.270784 0.276268 2.961517 1.449469 9.119484 6.064317 
1.779986 7.651329 10.789208 6.012754 5.235886 11.458986 1.565256 9.467785 1.196656 1.038301 5.224144 4.058622 3.908323 5.354129 4.737630 
3.969734 7.203343 10.789208 6.191801 4.901030 11.458986 1.565256 7.499902 1.136875 0.711644 1.297857 4.992391 6.828310 7.180129 4.374852 
4.318093 1.735899 10.789208 6.389440 1.145336 11.458986 1.514350 1.479704 0.007482 0.008951 8.357719 7.946606 7.196181 3.171706 3.450722 5.246561 
1.224444 6.181690 10.789208 6.138392 1.653576 11.458986 2.631903 3.536593 0.127247 0.048404 9.344767 4.893734 
8.194348 5.886129 10.789208 7.227551 1.512720 11.247527 1.967865 0.505003 0.804465 0.239125 1.472243 5.001572 2.965887 6.180878 
7.272047 1.134041 10.617463 9.414477 0.731519 11.247527 1.968622 6.928584 5.920451 0.157534 1.652589 6.649424 
5.984939 7.730023 10.617463 9.437510 1.356408 11.378864 1.982753 6.888282 5.646088 0.042475 1.884536 7.638127 5.691828 3.861712 1.094289 5.707955 
2.612285 7.888259 10.590955 7.851505 5.915004 11.333906 1.787911 6.433194 6.525217 0.162199 1.884536 0.023814 6.520788 0.659193 4.340836 
2.030040 7.857416 8.606127 6.122810 0.283060 11.069823 0.687289 8.454217 6.534377 6.343925 9.796820 0.184976 0.271989 
5.674141 8.055556 0.098432 9.417368 6.626608 11.449094 2.844406 9.292690 0.299326 1.418196 2.656032 4.479042 
5.755294 5.365478 0.909510 10.473911 4.784524 11.159280 2.886868 4.546551 10.959943 2.189510 1.252366 2.754853 8.776023 0.049938 
0.099903 7.977833 8.710466 9.872072 2.754853 11.238228 3.000413 2.543001 11.021933 5.060116 0.125721 4.793549 6.809774 9.047647 8.263444 8.831453 5.331568 
0.337626 9.545140 8.694895 5.775532 2.396800 11.294164 2.672894 2.770698 9.926528 5.142968 0.429230 11.323121 2.176610 4.105867 1.824565 5.623046 
0.113741 2.338850 9.074137 4.737811 10.041707 10.737146 2.225143 2.512163 2.540820 6.420957 0.969058 11.390055 8.185619 5.409518 9.887571 2.582323 5.583931 0.115843 6.057288 5.960890 
0.627171 7.217319 4.865959 3.509201 11.285781 10.477075 5.922557 2.198085 2.352455 6.135214 0.983986 5.777276 8.222102 6.418213 9.909782 7.776940 11.491199 3.963608 6.587715 10.834872 2.931124 7.566028 4.238283 9.495525 9.424689 4.632943 0.492948 
0.627171 9.433387 4.816885 5.171615 9.163745 11.356563 6.899348 2.765421 3.524142 3.893590 1.345284 11.133612 8.575993 3.748253 4.204251 1.940434 4.768581 9.110574 6.782003 11.293836 
0.497427 2.300288 6.047442 9.586881 10.572702 11.242616 4.099110 4.291687 8.895547 6.472540 1.320119 9.100270 8.094977 6.249989 0.944390 5.450013 0.160452 0.484705 
0.214724 3.413889 5.543175 9.110401 11.145276 6.662853 9.460452 3.868056 3.279265 2.731919 0.899448 9.247906 8.962329 0.043862 5.743285 11.331162 
0.656222 6.118699 5.460197 9.286368 9.340903 6.937237 11.260881 1.350897 2.808458 2.910913 1.261640 9.342319 7.950220 5.152294 3.274872 6.859687 9.250953 0.759259 6.121678 4.894293 
1.074088 1.922325 5.374589 4.633118 9.007724 3.189080 11.245835 4.555316 9.191162 2.287021 1.180965 8.994818 8.707651 4.335652 7.716199 
1.094071 8.555966 4.814201 0.401296 6.176914 3.837132 11.435823 5.615678 4.008978 1.639207 1.180965 9.009492 4.516159 2.645595 5.114790 3.644289 
1.094071 9.031158 5.440354 0.268440 2.956228 8.518828 11.180644 4.263000 4.066687 1.527881 1.180965 6.568804 4.709320 5.990446 5.315715 5.099182 
0.618303 9.324975 5.007188 3.969393 5.864522 9.039489 11.182957 5.568021 4.380991 2.996172 1.249478 0.351866 7.926631 3.321566 8.709299 0.458652 
0.799970 9.376374 6.173392 4.059436 6.138284 9.330349 10.942800 1.453423 4.306099 2.969996 5.472812 4.402513 0.052674 
0.748089 9.886644 4.626135 0.110476 3.720922 9.843486 11.123359 0.673979 4.147924 2.966999 2.480518 5.276443 
1.013674 4.779007 5.883435 4.018956 4.881309 8.432572 11.123359 1.530712 2.170838 2.172868 4.976365 10.438729 8.998075 6.679064 
1.071958 5.904474 5.461307 9.753224 9.538600 9.130047 11.404887 1.530712 2.081248 2.429895 9.338045 
0.765410 5.927714 0.345014 10.651338 9.612187 8.300983 11.404887 1.275942 2.057264 2.802364 2.226453 4.447443 
0.119824 6.757424 0.662908 10.635045 9.597079 8.798568 11.404887 0.756815 3.485004 8.230390 4.578740 7.592720 2.000066 6.957602 9.044883 4.770101 
0.655604 7.813597 0.189867 10.884924 6.790337 8.920239 11.404887 0.860594 1.937607 9.164708 5.571129 5.857570 2.000066 8.815424 
0.697502 7.845112 0.520361 10.884924 7.126774 7.224104 11.404887 1.172166 2.208747 8.902853 6.704432 5.642783 
0.911579 8.106053 0.609190 10.884924 7.011674 5.904019 11.404887 1.593270 2.864411 8.902853 5.682407 1.807727 4.296095 6.512837 5.862463 
0.345125 8.099970 0.133734 10.884924 4.506744 6.057009 11.404887 1.916284 2.296936 8.902853 5.730516 5.859317 4.224785 6.594039 5.064498 7.964035 5.872955 0.593193 5.106878 1.987242 5.614849 
0.581382 7.024533 0.279623 10.884924 3.905622 6.299689 11.404887 1.437884 1.922874 9.534976 4.646639 4.481167 4.607415 6.999864 8.511965 5.362514 8.544679 6.741183 4.544642 5.492837 2.525850 
0.927127 6.823366 0.051439 10.884924 8.633657 7.364140 11.395901 9.112849 2.362968 7.581546 1.281002 5.409702 4.866190 
0.612628 6.265569 0.051439 10.945953 8.724907 7.016371 11.395901 9.192756 2.176566 7.977055 1.281002 5.895708 4.596427 2.987850 5.593099 4.444654 
0.435876 7.113920 0.286632 10.945953 8.574035 5.849583 11.395901 6.443018 1.675441 7.896198 1.105806 8.034899 4.489701 8.557682 2.828831 5.128645 4.758580 6.623567 
