-0.258907  0.510913
 0.022527  0.140669
 0.091048  0.950724
 0.201778  0.206934
 0.067317  0.621874
 0.150316  0.447958
 0.388290  0.162585
 0.315543  0.577513
 0.054462  0.339446
 0.159218  0.362672
 0.134793  0.284937
 0.267343  0.412125
 0.036396  0.362870
-0.069952  0.487791
 0.202088  0.386132
 0.175060  0.356517
 0.101987  0.391839
 0.203058  0.248592
 0.255596  0.397036
 0.443854  0.359701
 0.340196  0.346088
 0.190349  0.223945
 0.259383  0.418520
 0.182128  0.896805
 0.231760  0.274174
 0.250957  0.305792
 0.143133  0.679928
 0.138738  0.282077
 0.186211  0.445151
 0.256404  0.302643
 0.100851  0.322370
 0.367677  0.344940
 0.179920  0.314885
 0.211873  0.373963
 0.469926  0.404058
 0.259852  0.275126
 0.373102  0.467651
 0.283081  0.539752
 0.281436  0.205480
 0.306893  0.308674
 0.326280  0.322109
 0.213243  0.327162
 0.298223  0.322666
 0.268615  0.521248
 0.093303  0.253634
 0.166042  0.295586
 0.266372  0.377189
 0.098141  0.694656
 0.184212  0.335197
 0.412213  0.248339
 0.249346  0.295504
 0.283245  0.388476
 0.061865  0.510153
 0.291648  0.381020
 0.128639  0.585846
 0.249547  0.377446
 0.186804  0.412001
 0.268203  0.304345
 0.163567  0.338835
 0.137295  0.340715
 0.188822  0.370845
 0.172840  0.252491
 0.298746  0.415047
 0.152152  0.413911
 0.212928  0.494934
 0.250723  0.850279
 0.471876  0.307025
 0.514734  0.227700
 0.321652  0.399074
 0.154491  0.565331
 0.162993  0.446362
 0.081777  0.501657
 0.120360  0.430627
-0.076798  0.394686
 0.202204  0.226014
 0.380823  0.348065
 0.316444  0.360316
 0.095328  0.367618
 0.331649  0.193737
 0.408512  0.201266
 0.335233  0.296513
 0.337837  0.814920
 0.199596  0.317712
 0.295992  0.300658
 0.395455  0.428636
 0.250398  0.389828
 0.046130  0.346420
 0.355227  0.464618
 0.303725  0.225529
 0.208740  0.228014
