5.848905 2.863949 3.766890 1.938197 1.706432 2.527932 0.871033 0.165097 1.315800 5.387032 0.165955 1.640948 0.950994 1.071341 
5.978692 2.863949 1.625681 1.938197 1.675704 3.176542 0.116906 0.157126 1.875581 5.910394 0.960527 2.907814 1.657091 0.637040 0.535237 
5.986760 2.972091 2.347703 1.951542 2.017559 3.530304 1.163716 0.252814 0.071138 6.042251 1.108843 1.287303 1.195412 1.989912 1.992464 0.417142 
5.411426 3.053659 0.506163 1.987732 1.865482 3.248200 0.361899 0.195310 0.838873 5.562117 5.510406 3.534289 
5.411426 2.988062 0.370996 1.923445 1.934100 0.190116 0.326808 1.962258 0.692034 5.488220 5.540087 3.534289 5.575875 0.143506 0.749706 
5.411426 2.988062 0.199763 1.997503 1.838743 0.107869 0.012638 3.268366 2.422321 5.488220 5.478741 1.886031 
5.411426 3.051094 0.166151 1.913640 1.932547 1.645789 0.253760 3.501375 2.538074 5.485275 5.486067 0.012822 
5.411426 3.059421 0.167529 1.884798 2.013559 0.329504 0.253760 3.679307 2.244499 5.485275 5.375106 2.789956 3.320008 
5.285932 3.059421 0.011424 1.894643 1.915401 0.926819 0.046669 3.301297 2.024034 5.485275 5.359996 
5.132099 0.889618 0.558748 1.857312 1.857781 4.705964 0.026426 3.802106 2.607153 5.485275 5.363734 0.480468 
4.991518 1.061601 5.728329 1.954219 1.857781 4.342260 0.161289 1.751178 4.714876 5.753774 1.394424 1.017446 
5.642137 1.647247 4.294633 2.016750 1.857781 3.930294 0.078707 1.650092 2.911100 5.766293 1.840992 1.232370 5.685205 2.287829 
4.130544 0.327633 0.469512 2.053490 2.061732 2.405682 0.441590 1.787436 5.197849 5.880364 1.856642 2.555408 3.298183 2.939102 2.366563 0.924825 
3.271331 0.125036 0.642355 2.053490 2.061732 2.200426 0.590224 1.849470 5.308041 5.796859 2.010489 
3.090733 2.147530 0.644469 1.910101 2.087837 2.216816 0.029766 1.849470 5.499082 5.897937 1.337724 
2.930916 2.073546 1.783029 1.913661 2.087837 2.266460 0.160923 1.847248 5.115341 5.557897 0.383170 1.816652 1.758184 2.152275 
2.468393 2.073546 2.978520 1.828192 2.087837 1.185185 0.870797 1.847248 4.527041 4.590115 0.767702 
4.128816 2.073546 3.015215 1.828192 2.087837 3.777843 1.113636 0.795794 4.714316 5.285709 1.751845 4.574157 
2.879716 1.975463 3.178077 1.825950 1.584035 3.694986 0.816842 4.298855 5.221806 5.375479 1.811710 5.651813 4.976568 4.287616 1.732413 
4.354258 1.747901 1.736061 1.825950 2.203218 2.366456 0.327100 0.604113 4.629341 5.402907 4.064770 2.019399 3.130547 2.367835 
5.014705 1.848956 1.736061 1.825950 4.784372 2.654678 0.294842 1.056341 3.126811 4.956964 1.767191 3.520365 5.713975 
4.911007 2.150129 1.736061 1.720853 4.945708 2.688665 0.129424 0.965465 2.000981 5.202737 1.783038 3.485742 5.743113 1.696538 1.672982 0.781945 1.588664 0.018337 
3.460554 1.813867 1.733978 1.720853 4.502596 2.986764 0.882692 2.622432 2.485691 4.995125 0.181015 3.513244 1.672982 4.053620 5.962761 3.390161 
5.821466 1.813867 1.621382 1.830535 3.310244 0.158148 0.611032 1.737607 3.615225 5.609529 0.354072 3.328596 1.731027 4.773880 5.599914 3.472498 3.963235 
4.753440 2.000854 1.621382 1.830535 2.189882 0.007075 0.403783 1.656104 4.940796 5.374441 5.696405 2.638203 1.611392 4.394103 3.050869 1.714308 
5.032915 2.069481 1.716750 1.830535 2.553460 5.750898 0.352588 2.751013 5.249159 1.390882 5.696405 2.998603 2.115517 0.220167 0.309377 
5.006514 2.095337 1.707167 1.830535 0.612869 5.494507 0.133834 5.539100 1.751888 1.641419 5.225400 3.008682 4.197549 2.306293 0.113476 5.071692 
5.477909 1.856073 1.707167 1.830535 0.054801 5.179119 0.608843 1.840251 1.618908 3.595641 5.484309 3.337229 
3.310924 1.692473 1.707167 1.830535 1.607423 4.133228 0.067733 3.270455 1.618908 3.731972 4.229862 3.111827 
3.197576 1.671173 1.707167 1.850299 0.581562 4.313969 0.217758 2.453850 2.040424 3.661069 4.646317 2.914928 0.035448 
5.135047 1.671173 1.707167 1.850299 0.028996 3.648105 0.600906 3.451567 2.040424 3.489253 3.443687 3.224884 0.803647 3.021993 4.374273 
3.650068 1.671173 1.707167 1.850299 1.147575 3.588199 0.285908 3.503401 1.902156 1.803803 4.352799 2.833461 1.997644 0.365065 2.509914 1.983783 
3.165949 1.666335 1.707167 1.868148 2.303011 4.295818 0.394007 0.570057 1.902156 2.554883 4.539397 2.836045 2.620258 
3.299725 1.666335 1.707167 1.788875 2.226816 4.396593 0.394007 1.282519 1.749713 2.978392 4.595774 2.159308 
2.853715 1.760186 1.707167 1.780579 3.071758 4.086617 0.322028 4.629260 1.472260 2.200639 1.188435 4.816953 4.208981 4.456804 
0.034444 1.470174 1.536537 0.049094 3.396201 4.090173 0.123198 5.959890 1.537372 1.696690 0.297537 3.689079 2.247443 
0.499055 1.517988 1.569150 1.305808 4.829533 3.667408 0.976713 5.983152 1.537372 0.062157 3.296536 3.689079 0.621712 3.318836 1.415191 0.764895 2.610653 
0.436525 1.575443 2.625119 1.839919 4.342713 3.453982 0.008819 6.057645 1.507266 0.145093 3.208524 3.440735 1.284920 
0.149336 1.508434 2.535278 3.490569 4.342713 3.520367 0.807665 6.057645 1.269327 1.807304 0.177729 3.945922 5.686233 3.821394 
0.002717 1.508434 1.121873 1.695241 3.125997 3.695582 0.047305 5.829167 1.269327 3.726727 1.045420 4.346045 0.525329 6.043310 
4.678589 1.508434 0.790212 1.782960 3.036291 3.945121 0.026151 5.564902 1.269327 4.400798 0.003629 
0.025159 1.508434 0.989467 4.854225 3.100663 3.945121 2.326620 4.284466 1.260171 4.644200 0.749637 5.229790 
0.449249 1.508434 1.105430 1.733828 3.100663 3.933664 0.350838 5.173435 1.260171 4.548741 0.118044 5.873418 0.953813 5.349169 2.799474 3.616633 5.042220 
0.424206 1.547102 2.045915 0.150989 3.100663 3.779907 3.508971 5.138669 1.352115 4.048577 1.333127 
0.255188 0.998671 0.473610 0.430642 3.145155 3.870428 2.693968 5.148032 0.911996 3.583926 5.581825 0.735255 
0.324151 1.328394 0.690729 0.165340 3.145155 4.023758 0.898444 4.654672 0.843691 3.731470 0.497511 1.177308 3.627634 
0.976326 0.285748 1.656807 0.130619 3.145155 4.023758 4.787324 5.006826 0.843691 3.752099 3.422949 4.843368 0.071274 
0.681243 0.440713 1.509120 4.451710 0.666806 4.085382 1.116857 4.460094 1.159853 3.934783 2.381269 2.693514 
0.707661 0.576543 1.672840 4.967593 2.089358 3.943897 0.402409 3.787455 0.989591 5.325227 6.051778 
0.960851 0.144611 2.364232 5.715332 3.872148 3.909697 2.337389 3.718026 0.989591 1.514816 0.742674 2.111812 0.759147 
1.531199 0.476679 5.064237 5.704145 0.314951 4.363992 2.499466 4.526002 0.835231 2.109025 4.740467 1.012248 
3.111195 0.679933 4.799062 5.806292 0.110286 4.363992 1.741948 3.864522 0.633766 3.131601 
2.578521 1.970299 4.288398 0.442598 4.566077 4.363992 1.146035 4.365842 0.199792 3.224642 3.332020 5.931365 4.516332 3.432631 5.547016 5.243876 5.764042 
5.312983 2.601277 4.335249 3.923228 2.600742 4.363992 1.268575 4.502728 0.564366 6.097875 0.225987 5.444636 3.923751 1.884823 1.027938 
3.833155 2.296029 4.335249 2.926633 1.183059 4.363992 1.268575 5.012041 0.709563 5.994011 5.122649 5.125514 5.239099 6.098040 1.175468 
1.369538 2.570877 4.335249 4.308998 4.489713 4.363992 1.170120 1.241027 1.281689 5.616578 4.739448 5.993680 5.013381 1.221564 0.923316 2.577239 
2.179283 2.987487 4.335249 3.850147 4.880496 4.363992 1.593058 0.552282 1.936261 5.355208 4.095823 2.298098 
4.410641 2.635508 4.335249 4.732229 4.374289 4.386607 1.547499 3.011719 2.197664 6.056918 0.026624 1.222211 3.672229 3.863705 
5.931584 3.149433 4.340677 4.148813 4.807526 4.386607 1.489544 5.348146 0.372643 5.500184 0.468531 1.500267 
1.208196 0.695502 4.340677 4.147453 4.322441 4.390218 1.010261 5.289595 0.713014 5.848087 0.034895 2.140788 1.140102 4.547709 1.938478 5.997160 
5.149394 1.275140 4.307261 3.262049 4.579206 4.399739 1.030076 4.256255 0.947793 5.965382 0.034895 5.265976 2.000726 5.160609 0.302721 
4.543225 0.373338 5.696485 1.108471 1.308167 3.755799 1.936996 5.370014 0.270623 4.296421 3.810267 6.018031 0.009543 
1.743542 0.191165 6.051490 4.610423 0.416105 4.144911 0.927243 5.154488 1.306243 4.140274 0.110391 1.335362 
2.550087 3.716552 4.867404 4.271388 0.843368 3.623370 1.180836 0.578698 4.453894 4.827623 4.561495 0.000080 2.070108 2.863740 
5.901693 3.570219 1.625873 4.308190 0.000080 2.230169 0.552308 4.391983 4.363173 0.354495 4.968502 3.669805 3.658194 0.591479 2.050689 3.467273 4.551662 
5.651250 4.189577 0.215629 5.204186 0.102533 3.106649 1.207516 4.302026 5.433944 0.198194 5.160924 5.639098 3.799838 2.058648 3.134107 2.376007 
5.694317 2.693642 0.557717 5.573425 5.321068 2.471738 0.592948 4.453799 0.150177 1.889059 4.949912 5.662001 2.187054 4.134636 4.969148 2.838704 1.509508 1.585665 1.929191 5.372299 
5.442005 2.248876 0.088585 5.372709 3.348368 2.267282 1.857291 0.735331 0.365926 4.668067 5.069801 4.361738 1.979774 0.832245 4.716392 2.018099 5.828785 1.027195 0.280360 4.264774 3.373947 0.117454 5.271911 0.810547 5.904502 5.329857 1.199197 
5.442005 4.642810 0.956833 2.413096 0.816396 2.435522 4.883283 1.325603 0.118401 2.979369 4.947420 5.568272 2.002957 3.013320 2.676473 1.299125 2.875476 3.489429 2.952674 5.809802 
5.755392 1.411071 0.128821 5.372407 5.908360 2.403318 1.307662 0.395416 4.704589 4.798278 4.918248 0.611408 1.183436 0.791491 0.440822 1.368667 4.582447 6.060473 
5.857786 2.090878 0.114134 4.482466 6.062257 2.120449 5.519430 0.303038 3.202776 2.097215 4.914650 0.255671 1.857387 1.086990 3.591205 3.001947 
5.686664 5.360811 0.263101 5.037782 5.402104 6.040917 2.842698 0.113149 5.138062 1.953475 4.983691 4.721212 1.675948 4.755649 2.873317 2.769832 0.495767 5.011260 4.135489 3.874113 
5.751401 4.016433 5.240785 0.048028 5.465994 4.458016 2.623501 0.546325 0.894702 2.197954 5.633892 3.960042 1.789577 0.279300 2.217855 
5.725014 0.917173 0.422123 2.364435 3.576468 4.732110 2.794794 5.462573 0.000787 2.004332 5.633892 3.330020 4.779171 2.162890 6.038243 4.527021 
5.725014 1.638638 0.742853 1.738876 5.721207 3.804602 2.674099 2.811773 0.388776 1.789971 5.633892 2.642939 3.610284 5.130024 5.013061 3.629233 
5.961920 0.816805 1.481684 2.813365 3.773565 3.028593 2.660906 5.808142 1.240595 2.404427 5.113415 1.471358 2.581680 4.383898 1.849608 6.060102 
5.640393 0.742180 0.006924 3.580244 5.325445 2.793501 2.528959 5.195429 1.045050 2.339040 1.714672 4.877295 2.195469 
6.037945 2.259588 1.417690 1.541605 1.800576 2.309194 2.355369 5.705150 0.443239 2.173712 5.492021 5.508275 
5.840980 0.317893 1.536334 5.977336 6.078656 1.870575 2.355369 5.253715 0.554605 0.752372 5.657112 2.259327 0.267059 2.170601 
5.907587 2.276260 0.672166 2.332665 0.652883 1.938456 2.465116 5.253715 0.352131 1.104588 2.461670 
5.925113 2.641542 4.381200 2.278593 0.677319 2.282486 2.465116 5.211417 0.166777 2.964049 0.810755 2.874128 
5.486085 2.659782 0.904739 2.315776 1.377940 1.723480 2.465116 5.134867 0.130234 1.587463 0.046179 4.725411 1.478432 4.765720 2.808511 1.081045 
5.340899 4.374467 0.305410 2.409464 4.677224 1.629649 2.465116 5.017413 0.026347 1.769845 0.915230 1.937429 1.478432 3.115000 
5.793029 4.277104 1.681462 2.409464 4.388689 1.308147 2.465116 5.213590 2.901379 2.926094 0.357319 1.487986 
6.035923 4.061845 2.650138 2.409464 1.060751 1.259381 2.465116 5.092100 1.979858 2.926094 2.942445 3.440469 0.141073 4.449721 0.612377 
5.814510 3.928588 1.657133 2.409464 5.066720 0.881161 2.465116 4.955385 2.334133 2.926094 5.489381 0.210543 0.004087 1.325979 2.432555 3.586816 1.258079 3.482030 2.578863 2.761758 2.434268 




