  1   9
  1   2
  2   9
  2  80
  2  72
 72  80
 72  10
 72   3
  3  10
  3  11
  3   4
  4  11
  4  81
  4  73
 73  81
 73  82
 73  74
 74  82
 74  83
 74  75
 75  83
 75  84
 75  76
 76  84
 76  85
 76   5
  5  85
  5  86
  5  77
 77  86
 77  12
 77  78
 78  12
 78  13
 78   6
  6  13
  6  14
  6   7
  7  14
  7  87
  7  79
 79  87
 79  15
 79   8
  8  15
  8  16
  9  17
  9  18
  9  80
 80  18
 80  88
 80  10
 10  88
 10  19
 10  11
 11  19
 11  20
 11  81
 81  20
 81  89
 81  82
 82  89
 82  90
 82  83
 83  90
 83  21
 83  84
 84  21
 84  91
 84  85
 85  91
 85  22
 85  86
 86  22
 86  92
 86  12
 12  92
 12  23
 12  13
 13  23
 13  24
 13  14
 14  24
 14  25
 14  87
 87  25
 87  93
 87  15
 15  93
 15  26
 15  16
 16  26
 17  27
 17  18
 18  27
 18  94
 18  88
 88  94
 88  95
 88  19
 19  95
 19  29
 19  20
 20  29
 20  30
 20  89
 89  30
 89  96
 89  90
 90  96
 90  97
 90  21
 21  97
 21  98
 21  91
 91  98
 91  31
 91  22
 22  31
 22  99
 22  92
 92  99
 92 100
 92  23
 23 100
 23  32
 23  24
 24  32
 24  33
 24  25
 25  33
 25 101
 25  93
 93 101
 93  34
 93  26
 26  34
 26  35
 27  36
 27 102
 27  94
 94 102
 94  28
 94  95
 95  28
 95 103
 95  29
 29 103
 29  39
 29  30
 30  39
 30 104
 30  96
 96 104
 96 105
 96  97
 97 105
 97 106
 97  98
 98 106
 98  40
 98  31
 31  40
 31 107
 31  99
 99 107
 99 108
 99 100
100 108
100 109
100  32
 32 109
 32  42
 32  33
 33  42
 33 110
 33 101
101 110
101 111
101  34
 34 111
 34 112
 34  35
 35 112
 36 113
 36 102
102 113
102  37
102  28
 28  37
 28  38
 28 103
103  38
103 114
103  39
 39 114
 39 115
 39 104
104 115
104 116
104 105
105 116
105 117
105 106
106 117
106 118
106  40
 40 118
 40 119
 40 107
107 119
107  41
107 108
108  41
108 120
108 109
109 120
109 121
109  42
 42 121
 42 122
 42 110
110 122
110  43
110 111
111  43
111  44
111 112
112  44
112 123
113 124
113  45
113  37
 37  45
 37  46
 37  38
 38  46
 38  47
 38 114
114  47
114 125
114 115
115 125
115  48
115 116
116  48
116  49
116 117
117  49
117 126
117 118
118 126
118 127
118 119
119 127
119 128
119  41
 41 128
 41 129
 41 120
120 129
120  50
120 121
121  50
121 130
121 122
122 130
122  51
122  43
 43  51
 43  52
 43  44
 44  52
 44  53
 44 123
123  53
124  54
124  45
 45  54
 45  55
 45  46
 46  55
 46  56
 46  47
 47  56
 47 131
 47 125
125 131
125  57
125  48
 48  57
 48 132
 48  49
 49 132
 49 133
 49 126
126 133
126 134
126 127
127 134
127 135
127 128
128 135
128  58
128 129
129  58
129  59
129  50
 50  59
 50 136
 50 130
130 136
130  60
130  51
 51  60
 51  61
 51  52
 52  61
 52  62
 52  53
 53  62
 53 137
 54 138
 54  63
 54  55
 55  63
 55  64
 55  56
 56  64
 56  65
 56 131
131  65
131 139
131  57
 57 139
 57  66
 57 132
132  66
132  67
132 133
133  67
133 140
133 134
134 140
134 141
134 135
135 141
135 142
135  58
 58 142
 58 143
 58  59
 59 143
 59  68
 59 136
136  68
136 144
136  60
 60 144
 60  69
 60  61
 61  69
 61  70
 61  62
 62  70
 62  71
 62 137
137  71
138  63
 63  64
 64  65
 65 139
139  66
 66  67
 67 140
140 141
141 142
142 143
143  68
 68 144
144  69
 69  70
 70  71
